3 3 3 6 1 5 97 4 0 6 1 4 2 5 1 16 
5 4 2 9 10 13 128 4 0 8 4 4 3 1 2 21 
3 4 6 6 15 5 23 4 1 6 10 8 3 5 1 11 
3 3 6 4 6 5 91 4 1 3 12 4 2 3 2 11 
3 4 3 9 6 9 81 4 1 6 1 7 2 10 7 12 
3 6 2 12 6 13 98 5 0 6 4 4 3 3 2 21 
3 6 6 11 6 3 98 2 0 3 8 10 2 3 2 21 
3 8 2 13 6 12 61 5 0 8 4 4 2 3 2 21 
5 6 6 9 12 5 20 4 1 6 10 7 2 3 3 5 
3 3 2 9 10 13 111 5 0 3 4 4 3 3 1 21 
3 4 2 9 6 9 120 4 0 8 2 4 2 1 2 21 
1 6 7 12 10 12 14 4 0 6 15 4 3 3 2 21 
5 6 2 11 6 12 112 4 0 6 4 4 1 3 2 21 
3 4 2 9 12 13 114 7 0 8 10 4 2 3 2 21 
3 3 2 9 6 9 112 4 0 3 2 4 3 3 2 21 
3 4 3 9 6 9 128 5 0 8 4 4 2 3 2 16 
3 6 2 12 12 12 97 5 0 3 4 4 3 3 2 22 
5 4 2 9 10 13 126 5 0 8 4 4 2 1 2 21 
5 3 4 4 6 5 33 4 1 9 13 7 3 5 3 11 
3 4 2 9 6 5 111 5 0 6 10 4 2 3 2 21 
3 4 2 11 6 13 122 5 0 3 4 4 2 3 2 16 
2 3 4 4 3 5 54 4 0 3 8 4 2 9 1 16 
3 4 2 11 15 9 104 5 0 6 2 4 2 3 2 21 
5 4 2 9 6 9 113 4 0 6 8 4 3 3 2 16 
3 3 3 3 10 9 85 4 0 3 8 4 2 10 5 16 
3 6 3 11 6 13 111 5 0 6 4 4 1 3 2 21 
5 6 2 9 6 12 113 7 0 6 4 4 2 1 2 21 
3 4 2 11 10 12 122 5 0 6 4 4 2 3 2 21 
6 6 4 9 12 9 20 4 1 3 10 8 2 5 3 11 
3 4 2 11 10 12 112 4 1 6 4 4 4 3 2 22 
3 4 7 9 12 5 23 2 1 3 10 8 4 5 3 11 
3 4 2 9 10 12 111 4 1 6 10 4 2 3 2 21 
5 6 6 9 10 9 23 5 1 6 10 8 3 5 3 11 
5 4 6 6 10 5 23 4 1 8 10 8 2 9 3 11 
3 4 2 11 6 9 112 4 1 3 4 4 2 3 2 21 
3 6 2 12 10 9 113 4 0 6 4 4 3 3 2 21 
5 3 2 6 6 13 125 5 0 8 4 4 2 1 2 21 
3 4 2 9 10 9 98 5 0 8 4 4 3 3 2 21 
3 4 2 11 6 13 122 4 0 8 4 4 2 1 2 21 
5 4 6 9 10 9 20 4 1 6 10 8 2 5 3 11 
3 4 4 9 10 9 87 4 0 3 4 4 1 3 2 22 
3 4 2 11 10 12 112 4 0 3 4 4 3 3 2 16 
3 4 2 11 6 9 120 4 1 3 4 4 3 3 2 21 
3 4 7 6 10 5 24 4 1 6 10 8 4 5 3 11 
3 4 2 9 12 13 122 5 0 6 8 4 2 3 2 21 
6 4 4 6 10 9 20 4 0 6 10 8 3 5 3 11 
5 3 2 6 3 9 113 5 0 6 12 4 2 3 2 21 
3 3 7 4 10 5 97 4 1 3 10 4 2 5 2 11 
6 4 4 6 10 9 23 4 1 6 10 8 3 5 3 11 
3 4 2 12 10 9 112 4 0 6 4 4 3 3 3 22 
3 4 6 6 10 5 23 4 1 6 10 8 3 5 3 11 
3 3 2 9 10 9 97 4 0 8 8 4 3 3 2 21 
3 4 6 6 6 5 25 4 1 8 10 8 3 5 3 11 
3 4 2 12 10 9 112 4 0 6 4 4 3 3 3 16 
5 4 6 6 12 5 20 4 1 6 12 8 3 5 3 11 
6 4 7 6 10 5 20 4 0 6 10 10 3 5 3 5 
7 6 2 11 10 13 123 5 0 8 4 4 2 3 2 16 
3 6 2 12 6 9 100 4 0 6 4 4 4 3 2 16 
6 4 7 6 10 5 24 4 1 8 10 8 2 5 3 11 
3 6 2 11 16 9 81 4 3 3 4 4 3 3 2 21 
3 4 2 11 12 9 111 4 0 9 4 4 4 3 2 21 
5 4 2 9 6 13 126 5 0 8 4 4 2 1 2 21 
3 4 2 9 6 9 120 4 1 6 2 4 4 3 2 21 
5 4 2 9 10 12 129 7 0 6 2 4 2 3 2 22 
2 3 7 4 6 9 25 4 1 6 8 4 1 5 1 16 
5 6 7 11 6 13 4 4 0 1 10 4 2 3 2 16 
2 6 2 11 10 12 87 4 0 3 4 4 2 3 2 21 
3 6 4 9 12 5 23 4 1 8 10 8 2 5 3 11 
5 4 6 6 10 5 24 4 1 8 13 8 2 5 3 11 
5 4 2 9 6 13 122 5 1 6 10 4 2 3 2 21 
3 2 2 4 10 12 98 4 8 6 8 4 3 3 2 21 
5 4 2 9 10 12 122 5 0 1 4 4 2 3 2 21 
5 3 2 9 12 9 98 4 0 6 4 4 4 3 2 21 
3 4 6 6 10 5 24 2 1 6 10 8 3 9 3 11 
3 4 7 6 10 5 24 4 1 6 14 8 3 5 3 11 
3 4 2 9 10 9 112 7 0 8 10 4 2 1 2 16 
5 4 2 9 6 12 128 4 0 6 8 4 2 1 2 21 
5 4 4 6 12 9 24 4 1 1 10 8 3 5 3 5 
3 6 3 12 10 13 120 4 0 8 8 4 1 3 2 22 
2 6 2 11 10 9 111 5 0 3 13 4 2 3 2 16 
3 4 2 11 6 9 100 4 0 3 4 4 3 3 2 21 
2 6 2 13 10 9 112 4 0 6 4 4 2 3 2 16 
3 4 2 9 10 12 87 5 0 6 4 4 3 3 2 22 
3 6 6 4 6 9 37 2 1 6 12 8 3 3 3 11 
3 4 2 9 6 12 122 5 0 6 4 4 2 3 2 21 
3 4 2 11 10 12 113 4 0 3 10 4 2 3 2 21 
3 4 4 6 10 5 24 4 3 6 10 8 2 5 3 11 
5 4 2 9 3 12 122 7 0 8 4 4 2 3 2 21 
3 4 2 9 10 12 105 5 0 3 4 4 3 3 2 21 
3 4 2 9 15 12 120 5 0 6 2 4 2 5 2 21 
5 4 2 11 6 13 120 5 0 6 8 7 2 3 2 21 
5 4 7 6 10 5 23 4 1 8 10 8 3 3 3 11 
3 3 3 3 10 9 85 4 0 3 8 4 2 10 5 16 
2 3 7 4 10 12 100 2 1 3 4 4 1 5 1 11 
2 4 2 9 6 15 105 5 0 8 4 4 3 3 1 22 
2 4 2 9 6 9 113 4 0 3 4 4 4 3 2 21 
6 4 2 9 1 13 122 4 0 6 4 4 2 1 2 22 
3 4 2 9 15 9 100 5 0 6 4 4 2 3 2 16 
3 2 2 6 10 9 111 4 0 6 12 4 3 3 2 21 
3 4 8 9 10 5 23 4 1 6 12 8 3 5 3 11 
5 4 6 6 12 5 24 4 0 6 12 8 4 5 3 11 
3 4 4 6 6 5 97 4 0 3 12 7 1 5 1 21 
5 3 2 6 6 13 125 7 0 8 4 4 2 1 2 21 
3 3 7 4 10 5 81 4 0 3 10 4 2 5 2 11 
5 4 6 6 10 5 23 4 1 6 10 8 3 5 3 11 
3 6 2 12 12 9 112 5 0 9 4 4 4 3 2 22 
3 6 2 11 10 13 112 4 0 6 4 4 3 3 2 21 
3 6 3 12 15 9 100 4 0 6 4 4 3 3 1 16 
5 4 2 9 3 12 114 5 0 6 4 4 2 3 2 21 
3 4 2 9 3 12 114 5 0 3 4 4 2 3 2 16 
2 6 6 12 12 12 14 4 0 6 15 4 2 3 1 23 
6 6 6 11 3 3 122 2 0 6 10 4 3 3 1 16 
6 6 2 12 6 9 100 2 0 3 4 7 2 3 2 21 
3 4 3 11 10 13 113 7 0 6 4 4 2 3 2 21 
5 6 4 9 10 5 24 4 1 6 13 8 3 9 3 5 
3 4 2 9 12 13 112 5 1 6 10 4 2 3 2 21 
5 4 2 9 12 13 113 7 0 9 8 4 2 1 2 21 
6 3 4 6 10 12 81 4 0 6 2 4 3 10 5 16 
2 6 2 11 6 13 129 7 0 6 2 4 2 5 2 21 
8 6 1 11 10 5 122 5 1 3 15 4 1 3 2 25 
3 3 3 9 10 12 111 4 1 3 10 7 6 11 5 16 
3 4 2 9 6 13 122 5 0 6 4 4 2 3 2 21 
5 4 2 9 3 9 112 7 0 6 8 4 2 1 2 16 
6 4 2 9 10 9 120 5 0 6 4 4 2 3 2 21 
6 4 6 9 10 5 23 4 1 3 10 8 2 5 3 11 
3 4 7 9 3 5 87 4 0 3 8 10 3 3 2 5 
3 4 2 11 6 9 113 4 0 8 4 4 3 3 2 16 
3 3 3 6 3 9 112 4 1 6 4 4 3 3 2 22 
7 4 4 6 6 5 23 4 0 6 10 8 3 5 3 16 
3 3 2 9 10 5 98 4 0 6 2 4 3 3 2 21 
3 4 2 9 6 9 100 5 0 6 8 4 2 3 2 21 
6 4 2 9 10 12 125 5 0 6 4 4 2 3 2 21 
5 4 2 11 6 9 122 7 0 6 4 4 1 3 2 21 
6 6 2 11 10 13 123 7 0 6 4 4 2 3 1 21 
7 4 4 6 10 5 23 5 1 3 12 8 2 3 3 11 
5 4 2 4 6 13 123 4 0 6 8 4 2 3 2 21 
5 3 2 6 6 9 112 5 0 6 12 4 2 3 2 16 
3 4 6 6 10 5 23 4 0 6 10 8 2 5 3 11 
3 3 2 9 12 12 98 5 0 3 4 4 3 3 2 21 
5 6 2 11 10 13 123 5 0 3 4 4 2 3 2 21 
3 6 2 12 12 9 98 4 0 6 8 4 2 3 2 21 
2 6 2 13 10 13 111 4 0 8 4 4 2 3 2 21 
2 3 6 4 6 9 59 4 3 3 8 4 2 5 5 11 
3 4 2 11 15 9 98 5 0 3 4 4 2 3 2 16 
3 6 2 12 10 13 122 5 0 3 4 4 2 3 2 21 
3 3 4 4 6 5 87 2 0 9 10 4 3 5 7 16 
3 4 3 9 3 12 100 4 0 6 12 4 1 3 2 21 
3 4 2 9 6 13 120 7 0 6 4 4 2 3 2 21 
5 4 6 6 15 5 20 4 1 6 10 8 2 5 3 16 
3 6 2 11 6 13 128 5 0 6 4 4 2 3 2 21 
5 4 2 6 6 13 122 7 0 6 4 4 2 3 2 21 
3 4 2 9 6 12 113 7 0 3 4 4 2 3 2 21 
3 4 2 9 10 9 98 4 0 6 4 4 3 3 2 16 
3 4 7 6 3 9 105 5 0 6 4 8 2 3 1 5 
1 4 6 11 15 12 14 4 0 6 15 4 2 3 1 23 
3 4 2 12 15 9 87 4 0 6 10 4 3 3 2 21 
2 6 4 12 6 12 83 5 0 3 4 7 1 3 1 16 
3 4 3 11 3 12 111 4 0 8 4 4 1 3 2 21 
3 4 2 9 3 13 128 5 0 8 4 4 2 5 3 21 
3 4 2 9 3 12 122 7 0 8 4 4 1 3 2 21 
1 6 6 12 10 12 14 4 0 8 15 4 3 3 2 21 
3 4 2 9 15 13 59 5 0 8 8 4 2 3 2 21 
3 3 2 6 6 9 114 5 0 3 8 4 3 3 2 21 
3 6 6 11 10 5 23 4 1 6 10 8 3 5 3 11 
6 4 4 6 20 5 24 4 1 6 10 8 2 5 3 11 
3 4 2 9 6 12 129 5 0 6 10 4 2 3 2 21 
3 4 2 9 12 13 115 7 0 6 4 4 2 3 2 21 
3 3 7 4 10 5 91 4 1 3 12 4 2 3 2 16 
6 4 2 9 1 12 113 4 0 6 4 4 2 1 2 21 
3 4 2 9 6 13 122 7 0 6 8 4 2 3 2 22 
3 4 2 11 12 9 98 5 0 3 4 7 2 3 2 21 
2 4 4 9 12 5 61 2 0 3 4 4 2 5 7 16 
3 4 6 9 10 5 38 4 1 3 10 8 3 5 3 11 
5 4 2 11 15 9 98 2 0 6 4 4 2 3 2 21 
6 4 4 9 6 3 123 4 0 8 10 4 3 3 1 21 
6 6 2 9 6 13 120 5 0 6 4 4 2 3 2 21 
3 4 4 6 3 5 87 2 1 6 8 4 3 3 7 21 
3 4 4 6 6 5 23 4 1 8 10 8 2 5 3 11 
3 4 6 6 10 9 35 4 1 6 10 8 2 5 3 11 
5 4 2 9 6 12 113 7 0 6 4 4 2 3 2 21 
3 4 2 9 6 5 111 5 0 6 10 4 2 3 2 21 
3 6 2 11 10 13 123 5 1 3 4 4 3 3 2 21 
2 3 4 4 6 9 54 4 1 3 1 4 2 9 1 16 
5 4 4 4 10 5 23 4 0 3 10 8 3 5 3 11 
6 6 2 11 6 13 113 5 1 6 4 4 2 3 2 21 
6 6 6 9 10 9 148 4 1 6 12 8 3 5 3 16 
3 4 2 9 6 13 100 7 0 6 4 4 2 3 2 23 
3 4 3 9 6 12 87 4 8 3 4 4 1 3 2 21 
5 4 2 9 3 12 112 4 0 6 4 4 2 3 2 21 
3 6 7 12 10 5 65 4 0 6 4 4 2 5 2 11 
3 6 2 11 10 13 123 7 0 6 4 4 2 3 2 21 
3 4 6 9 3 5 23 5 0 6 12 8 3 5 3 11 
2 3 3 6 1 5 57 4 0 9 4 4 3 9 1 16 
5 4 2 9 10 9 97 4 0 6 8 4 3 3 2 16 
3 4 3 9 12 9 111 5 0 3 8 4 2 5 2 16 
5 6 7 11 3 9 35 4 1 1 10 4 4 3 2 16 
3 4 1 9 6 5 104 5 1 6 4 4 3 3 2 21 
5 4 6 6 12 5 23 4 1 6 10 8 3 5 3 11 
3 4 2 9 6 9 102 4 0 6 4 4 2 3 2 16 
5 4 2 9 6 13 122 7 0 6 8 4 2 3 2 21 
3 6 2 12 18 9 112 4 0 6 8 4 3 3 2 22 
5 4 2 11 10 12 98 4 0 6 4 4 3 3 2 16 
3 6 2 12 3 13 122 5 0 3 4 4 2 3 2 21 
3 3 2 9 6 9 114 5 0 9 10 4 2 3 2 21 
3 4 2 11 6 9 112 4 1 6 4 4 3 3 2 16 
3 4 2 9 10 9 111 5 0 8 12 4 3 3 2 16 
3 4 6 6 10 5 23 4 0 6 10 8 2 5 3 11 
3 3 2 6 10 9 111 4 0 8 4 4 3 3 2 21 
2 3 4 4 1 5 81 4 0 6 4 4 2 9 1 16 
3 4 2 11 12 9 111 4 0 8 4 4 3 3 3 22 
3 3 3 6 12 5 85 5 0 3 12 7 2 5 2 16 
3 3 3 6 15 9 97 4 0 8 4 4 3 10 7 11 
3 4 3 9 10 9 111 4 1 3 4 4 3 3 2 21 
3 4 2 9 12 13 114 5 0 9 4 4 2 1 2 21 
3 4 2 11 12 9 112 4 0 6 8 4 3 3 3 22 
5 4 4 6 10 5 23 4 1 3 10 8 2 5 3 11 
6 6 2 12 12 13 123 7 0 6 4 4 2 3 2 21 
5 4 6 6 12 5 24 4 1 3 13 8 3 5 3 11 
3 4 2 6 12 12 114 4 0 6 4 4 3 3 2 21 
5 4 7 6 6 5 23 4 0 6 10 8 2 5 3 11 
3 4 2 12 6 9 112 4 1 3 8 4 3 3 2 21 
3 3 4 6 12 13 54 4 0 3 8 10 3 3 1 1 
5 3 3 4 15 12 57 5 0 6 10 10 3 3 1 1 
5 4 6 11 12 5 23 4 1 8 10 8 3 5 3 11 
6 4 2 9 10 9 120 4 1 6 2 4 3 3 2 21 
5 4 7 6 10 5 23 2 1 6 10 8 3 5 3 16 
3 4 2 9 10 12 122 4 0 6 4 4 2 3 2 21 
3 4 2 9 6 13 128 5 0 3 4 4 2 3 2 21 
5 4 6 6 10 5 23 4 1 6 10 8 3 3 3 11 
6 3 2 9 18 9 97 4 0 3 8 4 2 3 2 16 
3 4 2 11 6 9 120 4 0 3 4 4 3 3 2 21 
2 4 2 11 3 12 85 5 0 6 4 4 2 3 2 22 
5 4 2 9 6 13 122 7 8 8 4 4 2 3 2 16 
3 4 6 6 12 5 33 2 1 6 10 8 2 5 3 11 
3 4 2 12 15 5 112 4 0 6 4 4 3 3 2 22 
3 6 6 9 10 5 23 4 0 6 10 8 2 3 3 5 
6 6 2 11 12 13 122 7 0 6 4 4 2 3 2 21 
3 4 2 11 10 9 113 4 0 8 4 1 3 3 2 21 
6 4 2 9 6 12 125 7 0 3 4 7 2 3 2 21 
3 4 2 11 10 9 112 4 0 3 4 4 3 3 2 21 
3 4 4 9 12 5 23 4 1 3 10 8 3 3 3 11 
5 4 2 11 6 12 112 7 0 6 4 4 2 1 2 21 
5 8 4 12 12 3 23 4 1 6 10 8 2 5 3 11 
3 6 2 12 3 13 120 5 0 6 2 4 1 3 2 21 
2 4 6 9 10 5 35 4 0 6 10 8 3 5 3 16 
3 3 7 4 10 5 83 4 1 6 10 4 2 5 2 11 
3 4 7 6 10 5 23 4 1 8 10 8 2 3 2 5 
5 4 2 9 10 12 122 7 0 6 4 4 2 3 3 21 
2 6 2 11 6 12 100 5 0 6 4 4 2 3 2 21 
3 6 2 12 12 9 112 4 0 6 10 4 2 3 2 21 
3 4 6 4 15 5 23 4 1 6 13 8 3 5 3 11 
3 4 2 9 10 9 39 5 0 3 10 4 6 3 2 21 
3 3 2 9 10 9 122 4 8 3 2 4 2 3 2 21 
6 6 2 11 6 13 120 5 0 6 4 4 2 3 2 21 
5 6 2 11 10 13 98 5 0 3 8 7 2 3 2 21 
3 3 2 6 10 9 85 5 0 3 4 4 2 5 2 21 
2 6 2 12 15 12 87 4 0 3 4 4 3 3 2 21 
5 4 6 6 12 5 4 4 0 8 10 10 3 5 3 11 
3 3 6 6 10 3 112 4 0 6 8 4 6 3 1 16 
3 4 6 9 6 5 23 4 1 6 10 8 2 5 3 11 
3 3 3 6 3 5 54 4 0 3 8 4 1 5 1 16 
3 4 1 9 12 9 97 5 0 3 8 4 2 5 2 16 
5 4 2 9 6 9 98 5 0 3 12 4 1 3 2 16 
5 4 2 11 6 9 112 4 1 6 4 4 4 3 2 22 
5 6 6 9 6 5 23 4 1 6 10 8 3 5 3 11 
3 3 2 4 6 13 122 5 0 3 4 4 2 3 2 21 
3 4 3 11 10 9 98 5 3 6 8 4 2 3 3 16 
3 4 2 9 6 12 113 4 0 8 8 4 3 3 2 21 
3 4 2 9 10 9 100 5 0 3 8 4 1 3 2 16 
3 4 6 6 10 5 35 4 0 8 10 8 3 5 3 11 
3 4 2 9 12 13 120 5 0 3 4 4 3 3 2 21 
3 4 7 6 10 5 23 4 1 3 12 8 2 5 3 11 
5 6 2 11 10 9 125 4 0 6 8 4 2 3 2 21 
3 4 2 11 12 9 111 4 0 3 4 4 2 3 2 21 
5 6 2 12 10 9 112 5 1 3 4 4 2 3 2 21 
5 6 2 12 6 9 112 4 0 8 4 17 3 3 2 21 
3 6 2 12 10 9 112 4 0 8 10 4 2 3 2 21 
2 3 3 4 3 5 54 4 0 3 4 4 2 9 1 16 
5 6 2 11 6 9 128 5 0 6 1 4 2 3 2 21 
5 6 2 12 10 12 125 7 0 6 4 4 2 3 2 21 
3 3 2 6 10 9 98 5 0 3 4 4 2 3 2 22 
2 6 2 13 10 9 112 4 0 6 4 4 2 3 2 16 
3 4 1 6 15 9 83 5 0 9 10 7 2 5 1 16 
3 4 7 6 10 5 24 4 1 6 10 8 4 5 3 11 
2 4 2 9 10 9 111 5 0 8 10 4 2 3 2 21 
5 4 2 9 6 13 120 5 0 6 4 4 2 1 2 21 
3 4 2 11 10 9 129 4 0 6 2 4 2 5 2 21 
3 4 6 6 10 5 23 4 1 3 10 8 3 5 3 16 
3 4 2 11 10 9 112 4 0 6 4 4 3 3 2 22 
3 4 6 9 12 5 23 4 1 8 10 8 3 5 3 11 
5 4 2 9 6 13 128 4 0 3 4 4 2 1 2 21 
3 4 2 9 12 13 114 7 0 9 4 4 2 1 2 21 
5 4 2 9 6 13 128 4 0 6 8 4 2 1 2 21 
3 4 2 9 1 12 130 7 8 6 2 4 2 1 2 16 
3 4 2 9 10 9 102 4 8 8 4 4 4 3 2 21 
3 4 2 6 6 9 98 5 1 6 8 4 2 3 2 16 
3 6 2 13 6 9 100 4 0 6 4 4 2 3 2 16 
6 4 2 9 1 13 120 5 0 6 4 4 2 1 2 21 
6 4 2 6 3 12 114 7 0 3 8 4 2 3 2 21 
3 4 2 11 6 9 120 4 1 3 8 4 3 3 2 21 
6 4 3 9 6 9 112 4 0 3 4 4 4 5 2 16 
3 4 2 11 10 12 120 4 0 3 8 4 3 3 2 21 
5 4 4 6 12 8 14 4 1 6 12 8 3 5 3 11 
5 4 2 9 12 9 102 5 0 3 8 4 2 3 2 16 
2 3 6 4 6 5 57 4 0 3 4 4 2 9 1 16 
5 4 2 6 6 12 122 7 1 3 4 4 2 3 2 21 
6 4 2 9 12 12 114 5 0 3 4 4 2 3 2 21 
3 3 2 9 10 9 111 4 0 6 2 4 3 3 2 21 
3 4 2 9 6 9 122 5 0 6 4 4 2 3 2 21 
3 2 2 6 10 13 122 4 0 6 8 4 4 3 2 21 
5 4 2 11 6 9 125 4 0 6 4 4 2 3 2 21 
6 4 6 6 10 5 24 4 1 9 10 8 2 5 3 11 
3 4 2 11 6 12 105 5 0 6 4 4 2 3 2 21 
5 4 2 9 6 13 122 5 0 6 4 4 2 3 2 21 
3 4 3 9 12 9 112 5 0 6 8 4 3 3 1 21 
5 6 2 12 6 13 122 7 0 6 10 4 1 3 2 21 
3 6 7 9 10 12 20 5 7 3 15 4 2 3 2 3 
3 4 6 6 10 5 23 5 1 3 10 8 3 5 3 11 
3 3 3 4 15 12 57 4 0 6 8 10 3 3 1 1 
6 3 7 4 6 9 87 4 1 6 4 10 2 3 7 11 
1 3 6 4 3 9 61 2 0 3 10 4 2 9 7 11 
3 3 3 6 6 9 81 5 0 3 2 4 3 9 2 21 
5 4 2 11 10 12 112 5 0 8 12 7 2 3 2 11 
5 4 2 9 3 12 120 7 0 6 4 4 2 3 2 21 
6 4 7 6 10 5 32 4 1 6 10 10 2 5 3 5 
6 4 7 9 6 9 38 4 0 1 8 4 2 3 1 21 
1 4 6 11 10 9 14 4 0 6 15 4 2 3 1 23 
5 4 2 11 6 13 122 4 0 8 4 4 2 1 2 21 
2 6 2 13 12 12 98 4 0 6 8 4 2 3 2 21 
2 4 2 9 10 9 111 4 0 3 12 4 2 3 2 16 
2 6 2 11 6 13 102 7 0 6 2 4 2 3 2 21 
5 4 2 9 6 12 128 5 0 3 4 4 3 3 2 22 
3 6 2 11 3 9 113 4 1 6 4 4 3 3 2 21 
3 4 2 11 6 13 122 7 0 6 4 4 2 3 2 21 
3 2 2 4 10 13 112 4 0 3 12 4 3 3 2 21 
5 4 6 9 12 5 23 2 1 3 10 8 3 5 3 11 
3 3 3 9 1 5 98 4 0 6 1 4 2 10 1 16 
3 6 2 12 6 9 88 5 0 8 8 7 2 3 2 22 
5 3 3 4 1 5 61 1 0 8 8 10 4 5 5 11 
3 6 4 4 6 9 57 2 0 6 10 8 3 3 3 16 
3 3 2 9 12 13 102 4 1 3 2 4 3 9 2 21 
3 4 3 11 10 9 83 4 0 6 2 4 2 9 1 21 
3 4 6 11 12 5 5 4 0 8 12 12 2 5 3 11 
3 4 2 11 10 12 112 4 0 3 4 4 3 3 2 16 
3 4 2 9 3 9 113 5 0 6 2 4 2 3 2 21 
3 6 3 11 6 13 100 4 0 6 8 4 1 5 2 21 
5 4 2 9 10 9 128 5 0 6 8 4 2 3 2 21 
3 4 2 6 3 13 114 5 0 6 8 4 2 3 2 21 
3 4 2 9 12 9 111 5 0 8 8 4 2 3 2 21 
3 4 2 11 12 9 112 4 0 6 4 4 2 3 3 21 
5 6 3 11 6 12 97 4 0 6 2 4 1 3 2 21 
3 4 2 11 6 9 120 4 1 6 2 4 4 3 2 21 
3 4 2 12 15 9 122 4 0 3 4 4 3 3 3 21 
3 6 6 9 10 5 23 4 1 6 12 8 3 5 3 11 
3 3 2 6 10 12 112 5 1 3 4 4 3 3 2 21 
3 4 3 9 10 9 98 5 1 8 4 7 3 3 2 21 
5 4 6 9 6 5 104 2 0 3 12 4 3 3 1 16 
3 4 8 9 10 5 23 4 1 6 12 8 3 5 3 11 
3 4 2 9 6 9 112 4 1 3 4 4 3 3 2 21 
3 3 3 9 3 12 57 2 0 3 2 7 2 10 1 12 
5 4 2 9 6 13 123 5 0 6 4 4 2 3 2 21 
3 4 3 6 12 9 114 5 0 3 8 4 2 3 2 16 
3 4 4 6 10 5 24 4 3 6 10 8 3 5 3 11 
5 4 6 6 10 9 23 4 1 9 10 4 2 5 3 11 
3 4 2 9 6 12 120 5 0 6 8 4 2 3 2 21 
2 4 4 6 3 9 61 4 0 6 10 4 6 3 2 11 
3 3 3 9 10 12 111 4 1 3 10 7 6 10 5 16 
3 4 2 11 6 12 122 7 1 3 4 4 1 3 2 21 
2 3 4 4 3 5 59 4 0 3 4 4 2 9 1 16 
5 4 2 12 12 9 112 4 0 6 8 4 3 3 2 21 
5 4 2 9 12 12 98 5 0 8 8 4 2 3 2 16 
7 4 2 9 10 13 104 7 0 6 4 4 2 3 2 21 
3 4 2 11 15 9 111 7 0 8 4 4 3 3 2 21 
5 4 6 6 15 5 23 4 1 6 12 8 2 5 3 16 
3 4 3 9 6 12 87 4 8 6 4 4 1 3 2 21 
3 4 2 9 6 5 114 7 0 8 8 7 2 3 2 21 
3 4 2 11 10 9 97 4 0 3 8 4 3 3 2 21 
3 6 2 11 10 9 120 7 0 6 4 4 2 3 2 21 
3 3 3 4 3 5 57 4 0 6 4 4 2 9 1 16 
5 4 3 6 6 9 98 5 1 6 10 4 2 3 2 16 
5 4 6 6 10 5 24 4 1 8 10 8 3 5 3 11 
3 4 4 9 10 5 65 2 0 3 10 4 2 3 7 16 
3 3 2 4 6 13 98 5 0 6 4 4 2 3 2 21 
3 6 2 11 10 9 120 7 0 6 4 4 2 3 2 21 
5 6 2 11 10 12 114 5 0 3 2 4 2 3 2 16 
3 4 2 9 15 9 114 5 1 6 4 4 3 3 2 21 
3 4 2 9 10 9 111 4 1 8 8 4 2 3 2 21 
5 3 6 4 10 5 23 4 1 6 10 8 3 5 3 11 
6 6 7 11 10 5 20 4 3 6 10 10 2 5 3 5 
6 6 2 11 10 13 123 7 0 6 4 4 2 3 2 21 
3 3 2 9 10 9 102 4 0 8 8 4 3 3 2 21 
2 4 6 4 10 5 23 4 0 6 10 8 3 5 3 11 
6 6 7 9 10 5 15 4 1 6 10 10 3 5 3 5 
3 3 2 9 3 13 85 5 0 6 4 4 3 3 2 21 
3 3 2 9 12 5 112 5 0 6 8 4 3 3 2 21 
5 4 6 6 15 5 20 4 0 3 10 8 3 3 3 5 
2 6 2 11 10 12 113 4 1 6 4 4 2 3 2 16 
3 4 2 9 6 9 102 2 0 3 4 4 3 3 2 21 
5 4 4 6 6 5 20 5 1 6 10 8 3 5 3 11 
5 6 6 9 12 3 54 4 8 1 4 4 2 3 1 16 
3 4 2 9 6 9 114 7 0 8 4 7 2 3 2 21 
5 4 6 6 10 5 23 4 1 6 10 8 3 5 3 11 
5 4 6 6 12 5 14 4 0 6 10 8 3 5 3 11 
5 4 2 9 3 12 115 7 0 6 4 4 2 3 2 16 
5 4 6 6 10 5 24 4 1 6 13 8 2 5 3 11 
5 6 6 11 12 9 23 4 0 6 12 10 4 5 3 11 
3 4 2 6 6 9 123 4 0 3 4 4 3 3 2 21 
3 4 2 9 10 9 112 4 0 3 4 4 3 3 2 21 
3 4 4 6 6 5 24 4 1 6 10 8 2 5 3 11 
3 4 4 6 10 5 23 4 1 8 10 8 2 3 3 5 
3 4 2 9 12 12 111 5 0 6 10 4 3 3 2 16 
3 4 6 6 12 5 24 4 1 8 10 8 3 5 3 16 
5 6 2 11 6 13 122 7 0 9 4 4 1 3 2 21 
3 3 6 4 10 5 104 4 1 6 12 4 2 3 2 11 
2 4 2 9 6 13 128 5 0 6 4 4 2 3 2 21 
5 4 2 11 10 9 100 5 0 3 4 4 2 3 2 11 
6 4 2 9 3 9 114 5 0 6 4 4 2 3 2 22 
5 4 2 9 6 9 112 4 0 6 4 1 3 3 2 21 
2 3 6 6 6 5 83 4 0 3 10 4 2 10 1 16 
3 4 2 11 10 13 100 5 0 8 8 1 2 3 3 21 
5 4 2 9 3 12 112 5 0 6 4 4 2 1 2 21 
6 4 6 11 6 5 113 4 0 8 4 4 3 3 1 16 
3 4 4 6 15 5 20 4 1 6 10 8 3 5 2 11 
6 4 6 11 12 5 23 4 0 6 13 8 4 5 3 11 
3 3 7 4 10 5 81 4 1 3 12 4 2 5 2 11 
3 4 2 9 10 12 130 7 0 6 4 7 2 3 2 21 
5 4 6 6 6 5 23 4 1 6 10 8 3 5 3 11 
2 6 2 12 12 12 112 4 0 3 4 4 2 3 2 21 
3 4 6 6 10 9 20 4 1 8 10 8 3 3 3 11 
5 6 2 11 10 12 122 7 0 6 10 4 2 3 2 16 
5 4 2 9 6 12 122 4 0 6 8 4 2 1 2 21 
3 4 2 11 10 9 100 4 0 8 4 4 4 3 2 21 
6 4 2 9 6 13 128 4 0 6 4 4 2 1 2 21 
5 4 4 12 10 3 88 2 0 3 8 10 2 3 2 11 
5 3 6 9 6 3 111 4 1 6 4 4 3 3 1 16 
1 3 3 4 3 5 57 4 8 3 8 18 2 9 1 16 
5 4 2 9 6 13 128 4 0 6 8 4 2 1 2 21 
2 3 3 3 6 3 54 4 0 6 12 4 2 5 1 16 
3 4 2 11 6 12 122 5 0 3 10 4 2 3 2 21 
5 4 2 9 1 9 112 4 1 3 4 4 4 3 2 21 
3 4 2 11 12 9 112 4 0 6 2 4 2 3 2 21 
3 3 2 11 12 12 113 5 1 6 2 18 2 3 2 21 
3 4 2 9 6 9 122 8 0 3 8 4 2 3 2 21 
3 4 2 11 6 9 98 4 0 8 8 4 4 3 3 21 
2 4 2 9 6 13 129 5 0 6 2 4 2 3 2 21 
3 3 3 6 6 5 115 5 0 3 2 4 2 3 5 16 
6 6 2 11 1 13 122 4 0 6 4 4 2 1 2 21 
3 4 6 12 3 3 111 4 0 6 4 7 4 5 1 21 
3 4 2 9 6 13 128 4 0 3 2 4 2 1 2 21 
3 3 2 6 15 9 97 5 0 3 8 4 2 5 2 16 
5 4 2 9 10 12 122 7 0 8 4 4 2 3 2 21 
5 4 2 9 3 12 115 7 0 6 4 4 2 3 2 16 
2 6 6 14 6 9 14 4 0 8 15 4 3 5 1 21 
3 3 7 4 10 5 83 4 1 3 10 4 2 9 2 11 
3 4 2 9 10 9 113 5 1 3 4 4 3 3 2 21 
5 4 2 9 6 13 128 4 0 6 8 4 2 1 2 21 
5 4 2 11 18 9 98 7 0 8 4 4 4 3 2 11 
3 4 2 11 10 9 111 4 0 3 4 4 2 3 2 21 
3 3 6 4 15 5 23 4 1 6 10 8 3 5 3 11 
5 4 4 9 10 5 24 4 3 3 10 8 3 5 3 11 
3 4 2 11 10 13 113 8 0 6 4 4 2 3 2 21 
2 3 3 6 3 5 97 4 1 3 4 4 2 9 1 16 
3 4 3 9 6 9 97 4 1 6 4 4 3 3 2 21 
6 3 2 9 6 13 125 5 0 8 4 4 2 1 2 21 
2 3 3 4 3 3 54 4 0 3 10 4 2 5 1 16 
6 4 2 9 1 12 122 4 0 6 4 4 2 1 2 21 
3 4 2 9 6 14 100 7 0 6 4 4 2 3 2 23 
3 3 3 6 6 5 57 4 0 3 8 4 2 9 2 16 
3 4 2 9 6 12 120 5 1 6 10 7 1 3 2 21 
2 6 6 11 10 9 111 7 1 3 1 7 2 5 1 16 
5 4 6 6 10 5 24 4 1 6 10 8 3 5 3 11 
3 4 2 11 12 9 111 5 0 3 8 4 2 3 2 16 
3 3 2 9 6 9 111 4 1 6 4 4 3 3 2 21 
2 3 3 4 6 9 81 4 0 3 8 4 2 9 1 16 
3 3 7 4 6 9 61 4 0 3 4 4 6 5 1 16 
5 4 2 6 6 9 123 7 0 6 8 4 2 3 2 21 
3 4 2 11 10 12 120 4 0 3 4 4 3 3 2 21 
5 4 2 9 3 9 114 7 0 3 12 4 4 3 2 21 
2 4 2 9 10 5 100 4 0 3 4 4 2 3 2 21 
3 4 2 9 10 9 112 4 0 3 8 4 3 3 2 21 
3 6 6 11 12 5 88 5 0 3 4 4 2 3 2 11 
3 3 3 6 6 9 83 4 1 8 8 4 3 10 1 12 
3 6 2 9 3 12 122 7 0 6 4 4 2 3 2 21 
3 4 2 9 6 9 112 5 0 8 2 4 2 3 2 21 
3 3 6 4 15 5 23 4 1 6 10 8 3 5 3 11 
3 6 3 12 6 13 112 4 0 6 4 4 1 3 2 21 
3 4 2 11 10 5 113 4 0 8 4 4 3 3 2 21 
3 4 2 9 10 13 112 5 0 3 4 4 3 3 2 21 
3 4 2 11 15 9 100 4 0 6 8 4 3 3 2 21 
3 4 6 9 18 5 24 4 0 6 12 8 4 5 3 11 
3 4 2 9 12 13 122 5 0 8 4 4 3 3 2 22 
5 6 4 11 10 5 23 4 1 3 10 8 3 3 3 21 
3 4 4 6 10 5 20 4 1 3 10 8 1 5 3 11 
3 3 7 4 10 5 81 4 0 3 8 4 2 5 2 11 
5 4 2 9 6 13 123 4 0 6 8 4 2 3 2 21 
5 4 2 9 3 12 122 7 0 6 4 4 2 1 2 16 
3 4 2 9 10 9 113 5 1 6 2 4 2 3 3 16 
3 4 2 9 15 9 112 5 0 3 2 4 3 5 2 22 
3 6 2 13 10 9 111 4 0 3 8 4 3 3 2 21 
2 6 6 11 6 9 98 5 0 3 1 7 2 5 1 16 
3 4 2 9 10 9 113 4 0 9 2 4 3 3 2 21 
6 4 2 9 6 12 123 5 0 6 4 4 2 3 2 21 
6 4 7 6 10 5 20 4 1 8 10 10 3 5 2 5 
5 4 6 11 6 3 98 4 0 3 10 10 4 3 3 11 
5 6 4 11 12 5 23 4 1 3 10 8 3 5 3 11 
6 4 2 6 3 12 122 7 3 3 4 4 2 3 2 21 
3 3 2 6 3 13 122 5 0 6 2 4 2 3 2 21 
5 4 2 9 6 13 128 4 0 8 8 4 2 1 2 21 
3 4 3 9 6 9 120 5 0 3 2 4 2 3 2 21 
3 4 2 9 6 5 104 5 0 6 2 4 3 3 2 22 
2 4 3 9 10 9 112 5 1 6 1 18 2 5 2 16 
8 4 6 11 12 12 14 5 0 3 15 4 2 3 1 23 
6 6 6 9 10 3 85 4 0 8 10 10 3 3 2 11 
3 4 7 6 12 9 4 4 0 6 10 8 3 5 3 11 
3 6 2 11 10 9 111 4 0 3 4 4 3 3 2 21 
5 4 6 6 10 5 23 2 1 6 10 8 3 5 3 5 
5 4 4 9 12 5 83 2 0 6 10 4 3 5 7 16 
5 3 6 4 12 5 23 4 1 6 10 8 2 3 3 5 
3 4 2 9 10 9 114 5 0 6 4 4 2 3 2 16 
3 4 4 9 6 9 24 4 1 8 10 8 3 5 3 5 
5 4 7 6 10 5 24 7 1 3 10 8 3 5 3 11 
1 6 4 12 10 12 14 4 0 6 10 4 3 3 1 21 
5 6 6 9 12 9 76 4 1 8 12 8 2 3 3 11 
6 6 3 11 6 9 129 7 1 6 8 4 2 3 2 21 
6 4 4 6 12 5 35 4 0 6 10 8 3 5 3 11 
3 4 4 6 6 5 23 4 0 6 8 8 3 5 3 16 
3 4 2 11 6 12 122 5 0 6 4 4 2 3 2 16 
3 4 2 11 6 9 102 5 0 6 4 4 4 3 2 22 
3 4 3 12 10 5 113 4 0 6 4 4 2 3 2 16 
2 6 4 12 6 12 85 7 0 6 4 7 1 3 1 16 
3 3 2 9 6 12 111 5 0 6 4 4 2 3 2 21 
3 3 4 6 6 9 59 4 0 6 2 4 2 9 7 6 
6 6 2 11 10 12 123 7 0 6 4 4 2 3 2 21 
3 4 2 9 3 12 115 7 1 8 4 4 2 3 1 21 
5 6 6 9 10 5 32 4 1 6 10 8 3 5 3 11 
3 3 3 6 3 9 81 4 1 6 4 4 3 10 1 11 
5 4 2 9 6 13 129 4 0 3 4 4 2 1 2 21 
2 3 4 4 10 5 88 4 1 3 12 4 2 3 2 11 
3 4 3 6 19 9 102 7 0 1 8 4 2 10 1 16 
3 4 2 11 10 9 98 5 0 6 4 4 2 3 2 16 
3 4 2 11 10 12 102 4 0 3 4 4 4 3 2 21 
3 6 3 11 6 13 100 4 1 6 4 4 1 3 2 16 
3 3 2 6 6 9 102 4 0 8 4 4 2 3 2 21 
3 4 2 11 10 9 112 4 1 3 4 4 3 3 2 21 
5 4 2 9 1 12 122 4 0 6 4 4 2 1 2 16 
3 6 3 11 6 13 100 4 0 6 4 4 1 3 2 21 
5 4 4 6 15 5 23 4 1 6 10 8 2 5 3 11 
3 4 2 6 8 9 111 7 0 8 8 4 3 3 2 21 
5 6 4 6 3 9 88 2 0 6 8 4 3 5 7 21 
3 4 2 11 6 9 122 4 0 8 4 1 3 3 2 21 
5 4 2 9 6 12 102 7 1 6 4 4 3 3 2 21 
6 4 2 9 6 13 122 4 0 3 4 4 2 1 2 22 
3 4 2 6 10 12 120 8 0 6 4 4 1 1 2 21 
3 3 1 9 10 9 112 7 0 3 8 4 2 3 2 22 
3 6 2 11 10 12 39 5 0 8 4 4 2 3 2 16 
5 4 3 6 12 5 20 4 0 9 10 8 3 3 3 11 
3 4 3 11 3 9 59 4 0 8 8 4 2 10 1 13 
5 4 2 9 10 13 113 5 0 6 4 4 2 3 2 21 
3 4 6 6 15 5 24 4 0 6 10 8 3 5 3 16 
2 4 4 6 1 5 88 2 0 6 4 4 2 3 7 16 
5 4 7 11 6 3 111 4 0 3 8 4 3 3 1 16 
3 4 1 9 12 9 111 5 0 3 4 4 2 3 2 16 
3 4 2 11 6 9 112 4 0 3 4 4 3 3 2 21 
3 4 2 9 6 9 120 5 0 8 2 4 2 3 2 21 
3 3 7 4 10 5 83 4 1 6 10 4 2 5 2 11 
3 2 2 4 10 13 122 4 0 6 8 4 4 3 2 21 
5 6 2 11 12 13 123 7 0 6 10 4 2 3 2 21 
2 3 4 6 10 5 54 4 0 3 4 4 2 9 1 11 
3 4 2 9 10 9 98 5 1 6 8 4 2 3 2 16 
5 4 2 9 10 9 98 7 0 6 10 4 1 3 2 16 
5 6 3 11 6 13 100 4 0 6 4 4 1 3 2 21 
3 4 2 9 10 12 113 7 0 6 4 4 2 3 2 21 
5 4 2 9 3 9 102 7 0 6 8 4 2 1 2 16 
5 3 3 6 10 9 98 4 1 3 12 4 6 10 5 16 
3 3 7 4 10 5 81 4 0 3 12 4 2 5 2 11 
5 4 2 9 6 13 128 5 0 6 4 4 1 3 2 21 
2 4 3 4 6 12 35 5 0 6 15 4 2 5 5 3 
5 6 2 11 6 13 113 4 1 6 4 4 2 3 2 16 
3 4 2 9 6 9 112 4 1 3 4 4 3 3 2 22 
5 4 2 9 6 13 122 4 0 8 8 4 2 1 2 21 
2 4 6 12 12 9 24 5 0 9 15 4 2 1 1 11 
3 4 2 9 10 9 97 4 0 6 8 4 3 3 2 16 
3 4 6 6 10 5 23 4 1 3 10 8 3 5 3 11 
5 4 2 9 6 12 122 5 0 3 4 4 3 3 2 16 
3 6 2 12 10 9 100 5 0 6 8 4 2 3 2 11 
3 3 2 6 10 9 100 5 0 6 4 4 2 3 2 21 
5 3 3 6 12 12 83 4 0 6 12 4 3 10 5 16 
3 4 2 11 12 9 112 4 0 6 4 4 3 3 2 21 
5 4 3 11 6 13 123 4 0 8 8 4 2 3 3 16 
3 4 2 12 1 9 111 4 0 3 4 7 3 3 2 22 
5 3 2 6 6 13 125 7 0 8 4 4 2 1 2 21 
5 6 2 11 6 13 120 8 0 6 4 4 2 3 2 21 
3 4 2 9 3 12 132 7 0 6 4 4 2 3 2 21 
3 4 2 11 10 9 100 4 1 8 8 4 2 3 2 21 
3 6 1 12 10 9 104 4 0 6 4 4 3 3 2 21 
3 6 4 11 6 12 112 4 0 8 8 4 1 3 2 21 
3 6 2 11 6 13 112 4 0 3 2 4 3 3 2 11 
5 6 6 9 12 3 54 4 8 3 4 4 2 3 1 16 
3 4 4 6 12 5 23 4 0 3 10 8 3 5 3 11 
5 6 2 11 6 9 122 5 0 6 1 4 2 3 2 21 
3 4 6 9 10 5 23 4 1 6 10 8 3 5 3 11 
3 4 2 9 6 12 112 5 0 6 8 4 2 1 2 21 
2 4 2 9 10 9 111 5 0 6 12 4 2 3 2 21 
3 4 2 9 6 12 112 5 0 3 4 4 2 3 2 21 
3 6 2 11 6 14 129 7 0 6 2 4 1 3 2 21 
5 4 4 6 3 9 114 2 8 9 8 4 2 3 7 16 
3 4 2 9 10 13 123 5 1 3 4 4 3 3 2 21 
5 4 6 6 10 5 23 4 1 6 10 8 3 5 3 11 
6 6 4 9 10 9 23 4 0 8 10 8 3 5 3 5 
3 4 2 11 3 9 112 5 0 6 4 4 2 3 2 21 
3 3 2 9 15 12 112 4 1 8 4 4 2 3 2 21 
3 4 7 6 10 5 23 4 0 3 10 8 3 5 3 11 
3 3 3 6 15 9 97 4 0 8 4 4 3 10 7 11 
5 4 6 6 12 9 23 4 1 6 10 8 3 5 3 11 
3 4 2 11 6 9 112 4 0 3 4 4 3 3 2 21 
3 6 2 11 10 12 113 5 0 6 8 4 2 3 2 21 
3 4 2 9 6 9 122 7 8 6 4 4 2 3 2 21 
3 4 2 11 3 9 120 4 0 6 2 4 4 3 2 21 
3 4 2 9 10 9 112 4 1 3 4 4 3 3 2 21 
2 4 2 9 6 13 129 7 0 3 2 4 2 3 2 21 
3 4 3 9 6 12 112 4 0 6 8 4 1 3 2 21 
6 3 7 4 12 5 83 4 1 3 10 4 2 5 2 11 
2 6 2 11 10 12 120 4 0 8 4 4 3 3 2 21 
5 3 2 6 10 12 81 5 0 3 2 7 2 9 5 16 
3 4 2 9 6 13 129 5 0 8 4 4 2 1 2 21 
2 3 7 9 6 14 54 4 1 3 4 4 1 5 1 11 
3 4 4 6 12 5 128 4 1 6 8 4 2 3 2 11 
3 4 2 9 6 12 128 4 0 8 4 7 2 3 2 21 
6 4 4 6 10 9 24 4 1 6 10 8 3 5 3 11 
3 6 7 9 6 5 23 4 0 3 10 8 2 5 3 11 
3 6 2 12 10 9 113 4 1 6 8 4 3 3 2 21 
3 6 2 11 10 9 100 4 0 3 8 4 3 3 1 21 
5 4 2 9 6 13 123 7 0 6 10 4 2 1 2 21 
3 4 2 9 10 9 105 5 0 8 4 4 4 3 2 21 
3 6 2 12 10 12 102 4 0 3 4 4 3 3 2 21 
2 4 2 11 15 9 111 4 0 8 4 4 3 3 2 21 
3 3 7 4 10 5 81 4 0 3 8 4 2 5 2 11 
3 4 2 9 6 9 112 4 0 3 4 4 3 3 2 21 
2 3 3 4 3 5 52 5 0 3 10 4 2 9 1 16 
3 6 2 11 15 13 104 5 0 6 4 4 4 3 2 16 
5 3 3 6 12 9 98 4 1 6 12 4 6 10 5 16 
7 4 2 6 6 12 122 4 0 3 4 4 2 3 2 21 
3 4 6 9 10 5 23 5 1 8 10 8 3 5 3 11 
3 3 3 6 3 12 122 5 0 6 4 4 1 3 2 21 
3 6 2 11 6 9 113 4 1 6 8 4 3 3 2 21 
3 4 2 9 6 9 112 4 0 3 4 4 3 3 3 21 
3 3 3 11 3 14 83 2 0 3 2 7 2 10 1 13 
5 4 2 9 1 13 112 5 0 6 4 4 2 1 2 21 
3 6 2 11 12 12 122 4 1 6 4 4 2 3 2 21 
3 4 2 12 6 9 120 4 0 6 8 4 4 3 2 21 
5 4 2 9 15 2 122 5 0 6 8 4 2 3 2 16 
5 3 3 9 6 9 120 5 0 6 4 4 2 3 2 21 
2 4 2 11 15 12 111 4 0 6 4 4 3 3 2 21 
3 4 4 6 6 5 23 4 1 6 12 8 3 5 3 11 
5 4 2 9 3 12 115 7 0 6 2 4 2 3 2 11 
3 3 3 9 6 13 32 2 0 3 15 4 2 3 1 11 
2 6 6 9 10 12 83 4 0 8 10 8 2 3 3 11 
6 4 6 9 10 5 23 4 0 6 10 8 3 5 3 16 
6 4 2 12 12 9 98 5 0 3 4 4 3 3 2 21 
5 4 2 9 6 13 122 8 0 9 4 4 2 3 2 21 
3 4 2 11 10 9 102 4 0 8 4 4 3 3 2 21 
1 6 6 12 12 9 14 4 0 6 15 4 3 3 1 23 
5 4 2 9 3 9 112 7 0 6 8 4 2 1 2 16 
5 3 7 6 3 12 24 4 1 1 10 4 4 3 2 16 
3 4 2 11 6 9 120 4 1 8 4 4 4 3 2 21 
5 4 6 9 10 9 23 4 0 6 10 8 3 5 1 11 
6 3 3 6 6 9 83 4 1 3 8 7 3 10 7 12 
5 4 4 6 10 5 23 4 1 6 10 8 3 5 3 11 
5 4 6 6 6 5 23 4 1 3 10 8 3 5 3 11 
3 3 3 6 3 5 111 2 1 6 4 4 2 10 1 12 
3 4 2 11 10 9 112 4 0 6 2 4 2 3 2 21 
7 6 2 11 6 13 102 5 0 6 8 4 2 3 2 16 
3 3 3 6 12 5 85 5 0 6 8 7 2 5 2 16 
3 4 6 9 12 5 5 4 0 8 12 12 3 5 3 11 
5 4 7 6 3 12 23 4 1 1 10 4 4 3 2 16 
5 4 4 6 12 5 23 4 0 6 10 8 3 5 3 11 
3 4 2 9 18 9 100 5 0 3 8 4 2 3 2 16 
5 4 2 9 6 12 120 5 0 6 4 4 2 1 2 21 
3 3 7 4 10 5 148 4 1 3 10 8 3 5 3 11 
3 6 2 11 10 12 61 5 0 6 4 4 2 3 2 16 
3 4 3 9 6 12 112 4 0 9 4 4 6 3 2 22 
3 3 6 4 12 5 4 4 1 9 10 8 3 5 3 5 
5 4 2 9 10 5 105 4 0 6 4 4 2 3 2 21 
3 3 4 4 3 5 81 4 0 3 10 4 2 9 1 16 
5 4 2 9 6 9 122 7 0 6 4 4 2 3 2 21 
6 3 8 4 10 5 20 4 0 6 10 10 3 5 3 5 
6 4 2 9 12 12 120 4 0 3 4 4 2 3 2 21 
5 4 2 9 15 9 113 4 0 6 4 4 3 3 2 21 
3 4 2 9 6 12 129 5 0 8 4 4 2 1 2 21 
3 4 2 9 6 9 98 5 0 8 12 4 2 3 2 21 
6 6 3 9 12 5 23 4 0 3 10 8 3 5 3 11 
3 4 2 9 10 9 100 4 0 3 4 4 3 3 2 21 
3 3 3 6 6 13 81 4 0 1 2 4 2 9 5 17 
5 6 6 11 6 9 54 4 1 6 10 8 3 3 3 16 
3 4 2 11 12 9 120 4 0 6 4 4 3 3 3 21 
2 6 6 9 6 9 100 4 8 3 8 4 2 3 2 11 
3 4 2 12 10 9 112 4 0 1 8 7 2 3 2 21 
3 4 2 9 12 12 97 5 0 6 4 4 2 5 2 21 
8 6 1 11 3 9 130 4 1 6 15 4 1 3 3 25 
3 3 3 6 6 13 83 4 0 1 2 4 2 9 5 18 
3 6 2 11 6 12 112 4 0 8 4 4 2 3 2 16 
3 4 2 11 12 9 100 5 0 3 4 4 2 3 2 16 
3 4 6 6 10 5 23 4 1 3 10 8 2 3 3 11 
3 6 2 11 6 12 102 5 0 3 4 4 6 3 2 21 
3 4 2 11 6 9 112 4 3 3 8 4 3 3 2 21 
5 4 2 9 6 13 123 4 0 6 10 4 2 3 2 21 
3 4 7 6 10 5 23 4 1 6 10 8 4 5 3 16 
3 4 2 9 6 9 102 5 0 8 4 4 3 3 2 21 
3 4 2 11 6 9 102 4 0 6 8 4 3 3 2 21 
3 3 2 6 10 12 122 5 1 6 8 4 2 3 3 21 
5 2 6 3 10 5 20 4 0 6 12 8 3 5 3 11 
3 4 2 9 10 12 124 7 0 3 4 4 2 3 2 21 
5 4 2 9 6 13 128 4 0 6 4 4 3 1 2 21 
3 3 7 4 12 5 81 4 1 3 10 4 2 5 2 11 
5 6 6 9 10 5 87 4 8 3 8 10 2 3 3 16 
5 4 2 9 3 12 122 7 0 8 4 4 2 3 2 21 
5 4 2 9 6 9 122 9 0 8 4 4 2 3 2 21 
3 3 7 6 10 5 91 4 0 1 13 4 2 3 2 11 
6 6 2 11 6 13 122 5 0 6 4 4 2 3 2 21 
5 4 2 9 3 12 115 7 0 6 4 4 2 3 2 16 
5 4 6 6 6 9 23 2 0 6 10 8 3 5 3 11 
2 4 4 13 6 9 15 4 1 6 15 4 3 3 1 22 
5 4 2 11 6 13 130 5 0 8 4 4 2 1 2 21 
3 3 7 4 10 5 83 4 1 3 10 4 2 5 2 11 
5 4 2 9 6 12 122 7 0 6 4 4 2 1 2 21 
5 4 2 9 6 13 112 5 1 6 4 4 2 1 2 21 
5 6 2 12 10 12 120 7 1 6 4 4 2 3 2 21 
3 4 2 11 12 9 111 5 0 6 4 4 3 3 2 21 
3 3 6 6 10 9 97 4 0 6 4 4 3 5 2 11 
3 6 2 11 10 9 131 5 0 6 8 4 1 3 2 21 
5 4 2 11 6 13 122 5 0 6 4 4 2 3 2 21 
5 4 1 11 10 13 123 7 0 6 4 4 2 3 2 21 
3 4 3 11 6 9 112 4 0 6 2 4 3 3 3 21 
2 6 4 9 6 3 97 4 0 6 4 8 2 5 7 11 
3 4 2 9 3 9 120 4 1 3 4 4 3 3 2 21 
3 6 6 9 12 5 23 4 1 8 10 8 3 3 3 11 
3 4 2 9 3 12 114 7 0 3 4 4 2 3 2 21 
3 4 6 12 12 5 24 4 0 6 13 8 3 5 3 11 
2 4 4 4 15 13 32 4 0 6 4 4 3 5 1 21 
3 4 2 9 12 9 113 4 0 6 4 4 2 3 2 23 
5 4 2 9 3 12 123 7 0 3 4 7 2 3 2 21 
2 4 2 12 6 12 112 4 0 6 4 4 3 3 2 16 
5 4 6 6 10 5 24 4 1 6 10 8 3 5 3 11 
3 3 3 4 1 5 54 2 1 3 15 8 2 3 1 16 
5 4 2 9 6 5 120 4 0 6 4 4 3 1 2 21 
3 6 2 11 10 12 98 5 0 6 4 4 4 3 2 21 
2 4 4 6 10 9 20 5 1 3 10 10 3 3 1 11 
5 6 2 11 6 9 111 5 0 6 4 4 2 3 2 21 
5 3 6 4 6 5 35 4 1 8 10 8 2 5 3 12 
3 4 2 9 10 9 102 5 0 6 8 4 2 3 2 16 
3 4 2 9 6 9 98 5 0 8 8 4 2 3 2 16 
3 4 2 11 3 9 113 4 1 3 4 4 3 3 2 22 
3 3 2 9 12 13 111 5 0 3 4 4 2 3 2 22 
6 6 2 11 10 13 123 5 0 6 4 4 2 3 2 16 
3 3 7 4 10 5 83 4 1 3 8 4 2 5 2 11 
5 4 6 6 10 5 24 5 1 6 10 8 3 5 3 11 
3 4 2 11 10 9 98 4 0 6 4 4 3 3 2 16 
3 4 2 12 12 9 112 4 0 6 10 4 3 5 2 21 
5 4 7 9 10 5 23 4 1 6 10 8 2 5 3 11 
3 3 3 6 6 9 38 4 0 6 2 4 2 9 7 5 
3 4 2 6 10 12 97 4 0 6 2 4 2 3 2 21 
5 4 3 9 6 12 112 4 0 6 4 4 1 3 2 21 
3 4 4 6 6 12 1 4 1 6 1 4 1 3 1 21 
2 4 3 6 3 5 81 4 1 3 8 4 2 9 1 11 
3 4 2 11 12 9 113 4 0 8 4 1 3 3 2 21 
3 4 2 11 10 9 113 4 0 6 4 1 3 3 2 21 
5 4 2 9 10 13 122 7 0 6 4 4 3 3 2 21 
3 4 2 11 10 12 104 5 0 6 4 4 3 3 2 21 
5 3 3 4 12 12 57 5 0 6 10 10 3 3 1 1 
5 4 2 9 6 12 123 8 0 3 2 4 2 3 3 21 
3 4 3 9 10 9 112 4 0 3 4 4 3 3 2 21 
8 6 1 11 3 5 122 5 3 6 15 4 1 3 2 25 
3 4 2 9 10 13 112 5 0 6 4 4 2 3 2 21 
7 4 2 11 12 9 97 4 0 6 8 4 3 5 2 16 
2 8 4 13 3 9 81 5 0 3 10 7 1 3 1 16 
3 4 6 6 12 5 24 4 0 3 12 8 3 5 3 11 
3 4 2 6 18 13 112 5 8 6 4 4 4 3 2 21 
6 4 7 6 10 5 20 4 1 6 10 10 3 5 3 5 
3 4 2 9 3 9 113 4 1 3 4 4 3 3 2 21 
7 4 6 6 10 12 35 4 1 6 12 8 3 3 3 11 
3 4 2 9 10 9 112 4 1 3 4 4 3 3 2 21 
3 4 2 11 15 9 113 4 0 3 4 4 2 5 2 21 
5 4 2 9 10 12 122 5 0 6 4 4 2 3 2 21 
3 4 6 6 10 5 24 4 0 3 12 8 3 5 3 11 
3 4 2 11 10 9 87 4 0 6 4 4 3 3 2 23 
3 3 2 6 6 13 123 7 0 8 4 4 2 1 2 21 
2 3 3 6 1 5 98 2 8 6 1 4 2 10 1 12 
5 6 6 9 10 5 23 4 0 6 10 8 3 5 3 11 
3 4 2 11 12 9 120 5 0 6 8 4 3 3 2 21 
3 4 6 9 10 5 23 4 1 8 13 8 3 3 3 11 
3 4 2 9 10 12 112 5 0 3 4 4 2 3 2 21 
5 4 6 6 12 5 23 4 1 3 10 8 3 5 3 11 
3 6 3 11 10 12 112 4 0 3 8 4 1 3 2 16 
3 3 7 6 10 5 105 4 1 3 12 4 2 3 2 5 
3 4 2 9 6 13 100 7 0 8 4 4 2 3 2 23 
3 4 2 9 6 9 104 5 0 6 4 7 3 3 1 16 
5 3 3 9 10 12 98 4 1 3 8 4 6 10 5 17 
1 4 6 11 15 12 14 4 0 3 15 5 2 3 5 22 
5 3 2 9 3 12 97 4 0 3 4 4 2 3 2 16 
5 4 2 9 6 12 128 7 0 8 4 4 4 3 2 21 
3 4 1 9 15 9 98 5 0 8 8 4 3 3 2 21 
5 4 2 9 6 12 114 7 0 6 8 7 2 3 2 16 
3 4 4 11 6 3 111 4 0 6 8 8 3 3 2 16 
1 3 3 4 3 9 54 4 0 3 8 4 2 5 1 16 
5 4 2 11 10 9 111 2 0 6 4 4 3 3 3 16 
5 4 6 6 10 5 23 4 1 10 10 8 2 9 3 11 
3 4 6 6 10 5 52 4 1 3 10 8 3 9 3 11 
7 6 2 11 3 9 112 5 0 6 4 4 2 3 2 11 
6 6 6 9 10 5 23 4 0 6 10 8 2 5 4 11 
2 4 4 9 14 5 44 2 0 9 4 4 2 3 1 16 
6 4 2 9 10 9 113 4 0 8 2 4 2 3 2 21 
3 3 3 4 3 5 54 4 0 1 4 4 1 9 1 16 
3 4 2 9 6 9 88 5 0 8 4 4 3 3 2 16 
3 4 2 9 6 12 120 4 0 8 4 4 2 3 2 22 
3 4 6 6 10 3 23 2 1 6 10 10 3 5 3 5 
3 3 2 6 10 12 122 5 1 8 4 4 3 3 3 22 
6 4 8 6 12 5 20 4 1 8 10 10 4 5 3 5 
3 4 6 6 6 3 24 2 1 6 10 8 4 5 3 11 
3 4 2 11 6 9 112 5 0 6 8 4 3 3 2 21 
2 6 1 4 6 12 146 5 7 6 4 4 3 3 1 24 
5 4 6 6 10 5 24 4 0 6 10 10 3 5 3 11 
3 4 6 6 12 5 23 4 1 6 10 8 3 5 3 11 
3 4 2 11 12 9 111 5 0 3 10 4 2 3 2 21 
5 4 6 6 12 5 35 5 0 6 10 8 2 5 3 11 
2 4 6 6 3 9 21 4 0 3 8 4 6 3 2 11 
3 3 6 3 10 9 3 5 0 3 2 4 2 3 1 6 
3 4 2 6 10 12 14 5 0 6 2 4 3 9 1 22 
3 4 2 12 6 9 111 4 0 6 4 4 2 3 2 21 
3 4 2 9 10 9 100 4 0 1 4 4 3 3 2 21 
3 4 2 11 3 9 112 4 0 3 8 4 3 3 2 21 
6 4 2 11 10 13 113 5 0 6 4 4 2 3 2 21 
1 6 6 11 12 9 14 4 0 6 15 4 4 3 1 23 
5 4 2 9 1 12 122 4 0 6 4 4 2 1 2 16 
3 3 2 11 10 9 100 4 1 6 2 4 3 3 2 16 
5 4 2 9 6 12 112 7 0 6 4 4 2 1 2 22 
3 4 6 11 3 3 114 4 0 6 10 4 3 3 1 16 
6 4 2 9 3 12 122 5 0 6 4 4 2 3 2 21 
2 3 3 4 20 3 112 5 0 3 4 4 1 3 5 16 
5 4 2 9 6 9 113 4 0 3 12 4 3 3 2 16 
3 4 2 9 10 9 98 5 0 3 8 4 2 3 2 11 
5 4 6 6 10 5 23 4 1 6 10 8 4 5 3 11 
5 4 3 9 3 5 83 2 0 3 2 4 2 9 7 21 
3 3 3 6 3 9 83 5 0 9 2 4 2 9 7 7 
3 4 2 12 10 12 120 4 0 3 4 4 3 3 2 21 
5 4 2 11 6 9 104 5 1 3 4 4 4 3 3 21 
3 4 2 9 3 13 123 5 1 6 4 4 2 3 2 16 
3 4 2 9 10 9 87 4 0 8 8 4 2 3 2 16 
5 3 2 6 6 13 125 7 0 8 4 4 3 1 2 21 
3 6 2 11 12 13 120 4 0 6 4 4 2 3 2 21 
5 6 2 11 6 9 113 7 0 6 4 4 2 3 3 21 
5 4 4 9 10 5 59 2 0 3 4 4 1 5 7 16 
3 8 2 12 12 5 33 4 8 6 2 4 3 9 1 11 
5 4 2 9 6 12 114 8 0 6 4 4 2 3 2 21 
3 4 2 11 6 12 112 4 0 3 4 4 3 3 2 22 
3 4 2 9 10 9 111 5 0 8 10 4 2 3 2 21 
3 4 2 9 12 9 98 4 1 6 10 4 2 3 2 16 
3 4 2 9 6 12 91 5 0 6 4 4 3 3 2 21 
3 3 3 9 10 12 111 4 1 3 4 7 6 10 5 16 
3 4 2 9 6 5 104 5 0 6 4 4 3 3 2 21 
3 4 2 9 12 13 114 7 0 8 4 4 2 1 2 21 
2 4 6 6 6 9 111 7 0 3 2 7 2 5 1 16 
3 6 2 13 6 12 113 5 0 6 4 4 2 3 2 21 
3 4 2 12 10 12 97 5 0 6 4 4 2 3 2 21 
3 3 7 4 10 5 83 4 1 3 10 4 2 5 2 11 
3 4 2 11 3 9 122 4 0 6 4 4 2 3 2 21 
3 3 3 4 3 9 57 4 0 3 2 4 2 9 1 16 
6 6 2 12 6 9 112 4 1 3 4 4 2 3 2 22 
3 4 3 9 6 12 120 5 0 3 4 4 2 3 2 21 
3 6 4 9 1 3 122 4 0 6 8 10 3 3 2 21 
5 3 2 9 10 9 120 4 0 3 8 4 3 3 2 21 
3 4 4 11 6 3 97 4 8 8 8 4 3 3 2 16 
6 3 3 6 12 9 83 5 0 3 2 4 3 9 1 21 
3 4 2 11 12 12 98 5 0 3 4 7 2 3 2 21 
3 3 3 6 3 13 57 2 0 6 4 7 2 11 1 11 
3 4 2 9 6 13 128 5 1 8 8 4 2 3 2 21 
3 3 6 4 10 5 81 4 0 3 10 4 2 5 2 11 
3 3 6 4 18 9 38 5 0 6 15 4 2 3 2 21 
3 6 3 11 10 12 112 4 0 9 4 4 1 3 2 21 
3 3 2 6 12 9 85 5 0 6 8 4 2 5 2 16 
3 4 2 9 10 12 129 5 1 6 4 4 2 3 1 21 
3 6 2 12 10 12 98 4 0 8 4 4 2 3 2 21 
5 4 6 6 12 5 23 4 1 6 10 8 3 5 3 11 
3 4 2 9 6 12 113 7 1 8 4 4 4 3 2 21 
3 4 1 11 10 13 114 7 0 6 4 4 2 3 2 21 
3 3 1 9 12 12 112 7 0 3 4 4 2 3 2 22 
5 4 2 9 10 9 102 5 1 3 4 4 2 3 2 21 
3 3 2 6 12 9 111 5 0 3 12 4 2 3 2 16 
5 4 2 9 6 13 123 7 1 6 4 4 2 3 2 21 
5 6 2 12 6 9 100 2 0 3 4 7 2 3 2 21 
5 4 6 6 10 3 23 2 1 6 10 10 3 5 3 5 
3 6 2 11 12 9 98 4 1 6 4 4 3 3 2 21 
3 4 2 9 6 12 128 7 0 6 4 7 2 3 2 16 
5 4 2 9 3 12 128 7 0 6 8 4 2 3 2 21 
3 6 2 12 3 13 87 4 0 6 4 4 3 3 2 11 
3 4 2 11 6 9 113 4 1 8 8 4 3 3 2 21 
3 4 2 11 6 12 112 4 0 6 4 4 2 3 2 21 
3 4 1 9 10 9 98 5 0 3 4 4 2 5 2 16 
3 4 1 11 6 9 112 4 1 3 4 4 3 3 2 21 
3 4 2 9 6 13 129 2 0 3 4 4 2 3 2 21 
2 4 3 9 15 9 120 5 0 6 8 4 3 3 2 21 
2 3 4 4 3 5 81 4 0 3 4 4 2 9 1 16 
3 6 2 11 10 12 112 4 0 3 8 4 2 3 2 21 
5 4 2 9 3 12 115 7 0 3 4 4 2 3 2 16 
2 3 3 4 1 5 54 4 0 6 8 4 1 9 1 16 
5 4 2 9 10 13 122 7 0 6 4 7 2 3 2 21 
3 4 3 9 12 9 83 4 0 3 8 4 3 3 2 21 
5 4 2 9 6 12 114 7 0 6 4 4 2 1 2 21 
3 3 7 4 12 5 91 4 0 3 13 4 2 3 2 11 
5 4 2 9 12 12 98 4 0 6 4 4 3 3 2 21 
5 3 2 6 6 9 112 5 0 6 8 4 2 3 2 16 
3 6 3 12 3 9 117 4 0 6 4 4 3 3 1 21 
3 6 3 11 6 13 112 4 0 3 4 4 1 3 2 21 
5 4 6 6 10 5 23 4 1 6 10 8 3 5 3 11 
2 4 2 11 3 9 129 4 0 3 10 4 3 3 2 21 
6 6 2 11 10 13 123 7 0 6 4 4 2 3 2 21 
5 4 2 9 10 13 112 5 0 6 8 4 2 3 2 21 
2 6 2 11 15 5 99 4 0 8 4 4 2 3 2 21 
3 4 2 9 6 13 113 7 0 6 4 4 2 1 3 21 
3 4 6 6 10 5 24 4 0 8 10 8 4 5 4 16 
6 4 4 6 6 5 23 4 0 8 10 8 2 5 3 11 
3 4 1 9 10 13 113 5 0 8 8 4 2 3 2 22 
5 4 2 9 3 12 115 7 0 6 4 4 2 3 2 16 
2 6 3 11 6 13 100 4 0 6 4 4 1 3 2 21 
3 4 2 9 6 9 128 4 0 9 4 4 2 1 2 21 
3 4 2 11 10 9 112 4 0 3 4 4 2 3 2 21 
3 6 2 11 10 9 113 4 1 6 4 4 3 3 5 21 
3 4 2 9 10 13 123 5 0 6 4 4 2 1 2 21 
3 4 2 11 10 13 120 7 1 3 8 4 2 3 2 21 
5 4 2 11 18 9 97 5 0 3 8 4 2 3 2 16 
3 4 2 11 10 9 112 4 1 8 4 4 3 3 2 21 
3 6 2 11 6 13 128 7 0 6 2 4 1 3 2 21 
6 4 6 6 10 5 23 4 1 3 10 8 2 5 3 11 
3 6 2 11 6 13 122 7 0 6 2 4 1 3 2 21 
5 4 2 9 6 13 126 5 0 8 4 4 2 1 2 21 
2 4 1 12 3 9 97 5 0 3 4 7 1 3 1 16 
2 4 4 9 1 9 85 5 0 6 4 7 2 3 1 16 
5 4 2 9 10 13 114 5 0 6 4 4 3 3 2 5 
3 4 7 6 10 9 35 4 1 6 10 8 4 5 3 11 
7 4 2 6 3 12 114 7 0 3 10 4 2 3 2 21 
3 4 3 9 6 12 111 4 0 6 4 4 1 3 2 22 
5 4 4 4 10 5 23 4 1 6 10 7 4 5 3 11 
3 4 2 9 3 12 113 5 0 6 2 7 2 3 2 21 
3 4 2 9 12 5 100 5 0 6 10 4 2 3 2 16 
2 3 2 6 10 12 32 5 0 6 15 4 3 5 1 11 
3 6 2 9 3 13 122 5 0 3 4 4 2 3 2 21 
3 3 4 4 3 5 85 2 0 3 10 4 2 5 7 16 
3 3 7 4 10 5 81 4 1 3 10 4 2 5 2 11 
3 6 2 12 6 12 122 7 0 6 4 4 2 3 2 21 
2 6 2 13 10 12 112 5 0 8 4 4 2 3 2 21 
3 4 2 9 6 12 129 7 0 3 4 7 2 3 2 21 
5 4 2 9 6 12 130 7 0 6 4 4 2 3 3 21 
3 4 6 6 10 5 23 4 1 8 12 10 3 5 3 11 
6 4 2 9 6 12 112 4 0 6 8 4 2 3 2 16 
3 4 2 11 10 9 112 2 0 3 4 4 3 3 2 21 
3 4 2 11 15 9 111 4 0 9 8 4 3 3 2 21 
3 4 2 11 6 12 120 5 0 8 2 4 2 3 2 16 
3 4 2 11 10 5 111 4 0 6 2 4 3 3 2 21 
2 4 4 12 6 9 20 5 0 6 15 4 3 3 1 21 
3 6 1 12 12 12 98 5 0 9 4 4 3 3 2 21 
3 3 2 11 6 13 88 7 0 6 4 4 3 3 2 21 
5 4 2 9 6 12 123 4 0 8 4 4 2 3 2 21 
5 4 2 7 15 13 105 5 0 6 2 4 2 3 2 21 
6 6 2 11 3 13 122 5 0 6 4 4 2 3 3 21 
5 4 2 9 6 13 129 4 0 6 10 4 2 1 2 21 
3 4 2 9 6 9 100 5 0 6 4 4 3 3 2 16 
3 4 2 11 10 13 122 4 0 6 12 4 3 3 2 21 
2 2 3 4 3 3 113 4 1 6 15 4 1 5 5 16 
3 4 2 11 10 9 100 4 0 3 4 4 3 3 2 21 
3 4 2 9 6 12 122 5 1 8 8 4 2 3 3 21 
3 4 4 9 10 3 112 4 0 6 8 15 2 3 2 16 
3 6 2 9 10 12 113 4 0 8 4 4 3 3 2 5 
6 6 3 11 6 12 112 4 0 6 4 5 1 3 2 21 
5 4 7 6 12 5 23 4 3 6 10 8 3 5 3 11 
3 4 2 9 18 9 98 5 0 6 4 4 2 3 2 16 
5 4 2 9 6 13 125 5 0 6 8 4 2 3 2 21 
3 6 2 12 6 12 136 5 0 6 4 4 3 3 2 21 
3 6 4 11 6 5 26 2 0 3 8 4 2 5 7 21 
5 8 3 12 6 12 98 4 0 6 2 4 1 3 2 21 
6 4 2 9 3 9 122 4 0 6 12 4 2 3 2 16 
3 3 7 4 10 5 97 4 1 3 8 4 2 5 2 11 
3 4 2 9 12 9 97 7 0 6 10 4 2 5 2 16 
3 6 3 11 6 12 88 4 0 3 4 4 2 3 2 21 
3 4 6 6 10 5 37 5 1 8 10 8 4 5 4 11 
5 6 2 12 10 12 100 5 1 6 4 4 2 3 2 22 
5 4 2 9 6 12 128 5 0 6 4 4 2 3 2 21 
3 4 6 6 6 5 23 4 1 8 10 8 2 3 3 5 
3 4 3 9 6 9 112 4 0 3 2 4 2 3 2 16 
3 3 6 3 12 12 98 4 0 3 4 10 2 5 7 5 
3 4 6 6 12 5 23 4 0 3 10 8 3 5 3 11 
5 4 7 6 6 5 23 4 1 6 10 8 2 5 3 11 
2 6 2 13 10 12 112 5 0 8 4 4 2 3 2 21 
3 4 2 12 6 9 100 4 0 6 4 18 3 3 2 21 
2 4 2 11 12 9 87 4 0 6 4 4 2 3 2 22 
3 4 6 6 12 5 25 4 0 3 12 8 3 5 3 11 
3 4 2 9 6 12 128 7 0 8 4 4 2 3 2 21 
3 4 2 9 6 9 104 5 8 9 8 4 4 3 3 21 
3 4 2 9 12 13 122 7 0 6 4 4 2 1 2 21 
3 4 7 6 18 3 54 5 8 1 4 4 3 3 1 16 
3 2 2 4 10 13 113 4 0 6 12 4 3 3 2 21 
5 3 3 6 12 12 98 4 0 6 8 4 6 10 5 16 
3 3 7 4 15 5 81 4 1 3 10 4 2 5 2 11 
3 4 2 12 10 9 112 4 1 3 2 4 3 3 2 21 
3 2 2 6 10 9 111 4 0 6 10 4 3 3 2 21 
3 3 3 6 3 9 97 4 0 6 4 4 3 10 7 11 
3 4 2 11 20 12 123 5 0 3 8 4 3 3 2 21 
5 4 6 6 10 5 14 4 1 8 10 8 3 5 3 11 
3 4 2 9 3 12 128 4 0 6 4 4 2 3 2 21 
6 4 2 6 6 13 122 7 0 3 4 4 2 3 2 21 
3 6 2 11 12 13 133 5 0 6 4 4 2 3 2 16 
3 4 2 9 12 12 122 7 0 8 4 4 2 3 2 22 
1 4 2 12 10 9 120 5 0 6 12 4 2 3 2 16 
3 6 6 11 6 5 23 4 0 8 10 8 2 5 3 11 
3 4 2 11 3 9 120 4 1 6 2 4 3 3 2 21 
3 3 2 6 3 9 122 5 0 6 4 4 1 3 2 21 
3 3 3 3 10 9 37 5 0 6 10 4 2 9 1 22 
3 6 7 9 6 9 37 4 0 9 10 8 3 3 3 11 
3 4 4 6 6 5 23 4 0 6 10 8 2 5 3 11 
5 4 2 9 10 12 113 5 1 3 4 4 2 3 2 21 
3 2 2 4 12 12 112 4 0 6 12 4 2 3 2 21 
3 4 2 9 10 13 123 5 0 6 4 4 2 1 2 21 
2 3 4 6 19 12 57 2 0 6 15 7 2 3 3 22 
3 3 3 4 6 5 54 4 0 3 4 4 1 9 1 16 
3 4 6 6 3 5 37 4 0 8 10 8 3 5 3 11 
6 4 2 9 6 12 112 4 0 10 8 4 2 3 2 16 
3 4 2 11 6 9 111 4 0 3 4 4 3 3 2 21 
3 4 2 9 6 13 122 5 0 6 12 4 2 3 2 16 
3 4 2 11 15 9 111 4 0 6 4 4 3 3 2 21 
5 4 6 9 12 5 24 4 1 6 13 8 3 5 3 11 
3 4 2 11 3 13 125 5 0 3 4 4 2 3 2 21 
7 4 2 9 3 13 102 5 0 6 8 4 3 3 2 21 
3 4 6 9 10 5 23 4 0 6 12 8 7 5 4 11 
3 4 2 9 6 12 120 5 0 3 4 4 2 3 2 11 
5 4 2 9 3 9 112 7 0 6 10 4 2 1 2 16 
5 4 6 6 6 5 20 4 0 6 10 8 2 5 3 11 
3 4 2 6 18 9 102 5 0 6 1 4 3 3 1 16 
5 4 2 9 6 12 122 7 0 6 1 7 2 3 2 21 
5 3 3 6 15 12 97 4 0 1 12 4 6 10 5 16 
5 3 4 6 10 13 54 4 0 3 8 10 3 3 1 1 
3 4 2 11 6 9 112 4 0 3 8 4 3 3 2 21 
5 4 2 6 6 12 122 7 1 3 8 4 2 3 2 21 
6 4 4 6 10 3 23 4 1 8 10 8 2 5 3 11 
6 4 2 9 10 13 112 5 0 6 4 4 2 3 2 21 
3 4 2 9 3 9 126 5 0 6 4 4 2 3 2 21 
3 4 2 11 10 12 120 4 0 1 8 4 3 3 2 21 
5 6 6 9 10 5 35 4 1 6 10 8 3 5 3 5 
5 4 6 6 10 9 23 4 0 6 10 8 2 3 3 5 
3 4 3 9 6 9 81 5 0 3 2 4 3 9 2 21 
3 4 6 9 19 1 111 4 0 6 4 7 3 3 2 21 
3 4 2 9 10 12 104 5 0 6 4 4 3 3 2 22 
3 4 2 9 10 9 120 7 0 6 4 4 2 3 2 21 
3 4 2 9 6 9 112 4 1 6 8 4 3 3 2 21 
2 3 4 4 15 9 97 4 1 8 4 4 3 3 5 16 
6 4 6 6 12 5 23 4 0 1 10 8 3 5 3 11 
3 3 2 6 6 12 128 7 0 8 8 4 2 3 2 21 
8 6 1 11 6 5 122 5 0 6 15 4 1 3 2 25 
3 6 4 12 3 9 97 7 0 3 4 7 2 3 1 16 
5 6 2 11 6 13 112 7 0 8 4 4 2 3 2 16 
3 4 2 9 6 9 97 5 0 8 4 4 3 3 2 16 
3 3 2 9 12 13 112 4 0 8 4 4 3 3 2 21 
5 4 2 11 6 13 123 5 0 3 4 4 2 3 2 22 
5 4 2 11 10 9 120 2 0 6 4 4 3 3 2 21 
3 3 3 6 6 12 98 4 0 6 8 4 6 10 5 16 
2 4 2 11 12 12 98 5 0 6 4 4 2 3 2 16 
3 4 4 9 17 5 15 2 0 6 4 4 3 3 1 16 
3 6 2 11 3 13 129 4 0 6 4 4 2 3 2 21 
5 6 2 11 6 9 128 7 0 6 4 4 2 3 2 21 
5 4 4 6 12 5 24 4 0 3 13 8 3 3 3 11 
5 4 2 6 6 9 112 5 1 6 4 4 1 1 2 21 
2 3 4 4 3 5 81 4 0 3 4 4 2 9 1 16 
6 4 2 11 6 12 112 4 0 6 8 4 2 3 2 16 
2 4 6 12 6 9 15 4 1 8 15 4 3 3 1 21 
5 6 2 11 10 12 122 8 0 6 10 4 1 3 2 16 
3 4 2 9 6 9 129 5 0 8 4 4 2 3 2 21 
3 6 2 11 10 9 81 5 1 6 4 4 2 9 1 23 
5 4 2 9 6 9 97 4 1 6 8 4 3 3 2 16 
3 4 6 6 10 5 35 4 1 6 10 8 3 3 3 11 
3 4 4 6 10 5 23 4 0 6 12 8 3 5 3 16 
3 3 3 4 6 5 83 4 0 3 4 7 2 9 1 16 
5 4 2 9 6 12 114 5 0 8 4 4 2 1 2 21 
3 6 2 12 10 12 100 4 0 8 4 4 2 3 2 21 
3 6 3 11 6 13 97 4 0 8 8 4 1 5 2 21 
5 4 2 9 10 9 129 7 0 6 4 4 3 3 2 21 
3 4 2 11 15 9 98 5 0 6 4 4 3 3 2 21 
5 6 6 11 10 5 23 4 1 3 10 8 2 3 3 11 
5 4 7 9 10 5 23 4 1 6 10 8 3 5 3 11 
5 4 7 6 10 9 23 4 0 6 10 8 3 5 3 3 
3 4 4 11 3 9 97 5 0 3 4 7 2 3 7 16 
5 6 3 11 12 9 122 7 0 6 4 4 2 3 2 21 
5 4 2 11 12 12 112 4 0 3 8 4 3 3 2 21 
2 4 4 4 10 12 15 4 0 3 10 4 3 5 1 21 
3 4 2 12 18 9 111 4 0 6 8 4 3 3 2 21 
3 3 7 4 10 5 81 4 0 3 10 4 2 5 2 11 
2 3 3 4 3 5 33 4 0 6 8 4 2 9 1 16 
3 4 2 11 6 9 112 4 0 6 4 4 2 3 2 21 
3 4 3 9 10 9 98 4 0 6 4 4 3 3 2 16 
3 3 8 4 12 5 88 4 1 3 12 4 2 3 2 11 
3 4 2 11 10 9 112 4 1 6 4 4 3 3 2 21 
5 4 6 6 10 5 24 4 1 6 10 8 2 5 4 11 
5 4 2 9 10 9 111 4 1 6 8 4 2 3 2 21 
3 4 2 11 15 9 111 4 0 6 4 4 3 3 2 21 
5 4 6 6 10 5 14 4 0 6 10 8 3 5 3 11 
3 4 7 6 3 5 97 4 0 6 12 8 3 5 3 11 
3 4 2 9 3 13 100 5 0 8 4 4 2 3 2 21 
5 4 2 11 6 13 129 4 0 6 8 4 3 1 2 21 
6 3 3 9 12 13 97 5 1 3 10 4 6 10 5 17 
3 4 6 6 10 5 23 4 1 8 10 8 3 5 3 16 
3 4 3 11 3 12 120 7 0 9 4 4 2 3 2 21 
3 4 2 11 6 13 128 4 0 3 10 4 2 3 2 21 
3 4 2 12 6 9 111 4 1 6 12 4 3 3 2 21 
3 4 2 12 12 9 112 4 0 6 4 4 3 3 2 21 
3 3 2 9 10 9 113 4 0 3 4 4 2 3 2 21 
3 6 2 12 10 9 112 4 0 6 2 7 3 3 2 21 
3 3 7 4 10 5 81 4 0 3 10 4 2 5 2 11 
5 4 2 9 10 12 129 7 0 6 2 4 2 3 2 22 
3 6 6 9 10 5 20 4 1 6 10 10 3 5 3 5 
2 4 2 12 10 9 112 5 0 6 4 4 2 3 2 21 
3 3 2 9 6 9 111 4 0 6 2 4 3 3 2 21 
3 6 2 11 6 13 128 5 0 3 4 4 1 3 3 16 
3 6 4 9 10 5 23 2 0 3 12 8 3 5 3 11 
3 3 3 11 12 9 123 5 0 6 8 4 2 3 2 21 
5 4 4 6 12 5 23 4 0 3 10 8 3 5 3 11 
2 6 2 11 3 12 128 5 0 8 2 4 2 3 2 21 
3 6 2 11 6 13 128 7 0 3 2 4 1 3 2 21 
3 4 2 11 10 9 100 4 0 6 4 4 2 3 2 21 
5 4 4 4 10 5 23 4 0 3 10 8 3 5 3 11 
5 6 2 11 3 12 112 5 1 3 12 4 2 3 2 16 
5 3 4 4 10 5 37 5 0 8 10 8 2 3 3 5 
1 4 2 9 3 9 113 5 0 6 12 4 1 3 2 22 
3 4 2 11 6 9 123 4 0 6 4 4 2 3 2 16 
3 4 3 11 10 9 120 4 0 3 4 4 2 3 2 16 
1 4 6 9 12 12 14 4 0 3 15 4 2 3 1 23 
5 6 4 9 15 9 23 2 0 6 10 8 2 5 3 5 
2 4 4 11 12 9 14 4 0 6 15 4 2 5 1 22 
3 3 8 9 3 9 102 7 1 8 4 7 2 3 5 16 
5 4 6 9 10 5 33 4 1 3 12 8 3 5 3 11 
6 4 2 9 1 13 122 4 0 6 4 4 2 1 2 21 
5 6 2 11 6 12 123 7 0 6 8 4 2 3 2 21 
3 6 2 11 12 9 100 4 0 6 8 4 3 3 2 21 
6 4 2 11 10 12 128 5 0 6 4 4 2 3 2 16 
3 3 2 6 3 12 122 5 0 6 4 4 1 3 2 21 
5 4 6 9 12 5 23 4 1 6 10 10 3 9 3 11 
3 4 2 11 12 9 120 4 0 3 8 4 2 3 2 16 
3 4 2 11 18 9 113 5 0 6 2 4 2 3 2 21 
3 4 2 9 6 12 129 5 0 6 4 4 2 3 2 21 
3 6 2 12 6 12 61 5 0 8 4 4 2 3 2 21 
3 4 7 6 10 5 23 4 1 3 10 8 3 5 3 11 
6 4 2 9 6 13 112 5 0 6 4 4 1 3 2 21 
3 3 7 4 10 5 83 4 0 3 12 4 2 5 2 11 
3 4 4 11 6 3 111 4 1 6 4 4 3 3 1 11 
3 6 2 13 15 12 98 4 0 3 8 4 4 3 3 21 
3 4 6 6 12 5 24 4 0 3 12 8 3 5 3 11 
3 3 7 4 6 5 83 4 1 3 4 4 2 5 2 11 
3 6 2 11 6 12 113 7 0 8 4 4 2 3 2 16 
3 4 2 9 12 9 100 5 0 6 12 4 1 3 2 16 
5 4 6 4 10 5 23 4 0 8 12 8 3 5 3 11 
3 6 6 9 3 5 23 4 1 6 10 8 3 5 3 5 
5 4 2 9 6 13 102 5 0 8 8 4 3 3 2 21 
6 4 6 9 10 5 25 4 1 6 10 12 3 5 3 11 
3 3 4 6 6 3 67 4 0 6 8 7 2 3 2 5 
5 4 4 6 10 5 15 2 1 6 13 8 3 5 3 11 
6 4 4 11 3 3 98 4 0 1 8 10 2 3 2 11 
3 6 2 11 6 9 100 4 0 3 8 4 3 3 2 22 
3 4 2 9 6 13 123 5 0 9 4 4 2 3 2 21 
6 4 2 9 10 9 112 7 0 8 8 4 2 1 2 21 
3 3 3 9 12 12 111 4 1 3 4 7 6 10 5 16 
6 4 7 6 10 5 20 4 1 6 10 10 3 5 3 5 
2 6 2 12 10 9 112 4 0 6 4 4 2 3 2 16 
5 6 7 12 3 5 23 4 0 1 10 4 7 3 2 16 
3 4 2 11 12 9 113 4 0 8 4 4 4 3 2 21 
5 4 6 9 10 9 23 4 1 6 10 8 2 5 3 11 
1 6 6 14 10 9 14 4 0 6 15 4 4 3 1 23 
1 6 3 11 10 12 112 5 0 3 10 4 1 3 2 21 
3 6 2 12 10 9 113 5 0 3 8 4 3 3 2 21 
3 4 2 12 12 9 111 5 0 3 4 4 2 3 1 16 
3 6 3 11 6 13 100 4 1 6 4 4 1 3 2 16 
3 6 2 11 3 13 123 4 0 3 4 4 2 3 2 16 
3 3 7 9 12 3 100 5 0 3 8 4 2 3 7 5 
5 4 6 6 10 5 23 2 1 6 10 8 3 3 3 5 
5 4 2 9 10 12 122 7 0 9 8 4 2 3 2 21 
3 4 1 9 12 12 102 4 3 3 4 4 3 3 2 21 
7 6 2 11 6 13 120 5 0 6 8 4 2 3 2 21 
3 4 7 6 10 5 23 4 1 6 10 8 3 5 3 11 
3 6 3 11 6 13 125 5 0 6 4 4 2 3 1 22 
5 4 2 9 10 9 81 5 0 6 4 4 2 3 2 21 
3 3 7 4 6 9 92 4 0 3 4 4 2 3 2 11 
3 6 2 11 6 9 88 4 0 6 4 4 3 3 2 21 
3 3 2 9 6 12 87 5 0 8 4 4 3 3 2 21 
2 4 3 6 3 5 35 4 1 3 10 4 2 9 1 16 
5 4 2 9 6 13 129 4 0 3 4 4 2 1 2 21 
5 4 2 9 10 9 129 5 0 6 2 4 2 3 2 21 
6 4 6 6 18 9 24 4 0 6 10 8 3 5 3 11 
3 4 2 9 6 9 102 5 0 8 4 4 3 3 2 21 
6 4 4 6 3 5 24 4 3 6 10 8 2 3 3 11 
3 4 2 11 10 9 112 4 1 6 10 4 3 3 2 21 
5 4 2 9 6 12 114 7 0 6 4 4 2 1 2 21 
5 4 2 11 12 13 114 8 0 6 4 4 2 3 2 21 
3 4 6 6 10 5 23 4 1 6 12 8 2 5 3 11 
3 4 2 11 6 12 114 5 0 8 4 4 3 3 2 21 
3 4 2 9 6 12 128 7 0 6 4 4 2 3 2 21 
3 4 2 9 10 9 102 4 0 9 4 4 3 3 2 21 
3 4 3 11 3 9 112 4 0 6 4 4 3 3 2 21 
3 4 3 9 10 9 33 4 0 6 1 7 2 9 1 21 
5 4 2 11 6 12 113 7 0 3 4 4 1 3 2 21 
6 4 2 9 6 13 113 7 0 3 4 4 2 3 2 21 
2 3 4 4 3 5 81 2 0 3 8 4 2 9 1 16 
3 6 3 11 10 12 112 4 0 3 8 4 1 3 2 16 
3 4 2 11 6 9 102 4 0 6 4 18 3 3 2 21 
7 4 3 9 6 13 120 5 0 8 4 4 2 3 2 21 
5 3 6 4 3 5 23 4 1 3 10 8 3 5 3 11 
3 3 3 6 6 9 57 4 0 6 1 7 2 9 7 7 
3 4 2 9 6 12 123 7 0 6 4 4 3 3 2 21 
3 3 3 4 6 9 37 4 0 3 4 4 3 9 1 21 
3 3 7 4 10 5 81 4 1 3 8 4 2 5 3 11 
5 6 6 9 6 5 25 4 1 6 10 8 3 3 3 5 
3 4 4 9 1 3 112 4 0 8 10 4 3 3 1 16 
2 4 4 6 3 5 54 4 0 3 4 4 2 9 1 16 
5 4 6 9 10 5 23 4 1 8 12 8 3 5 3 11 
7 4 4 9 3 9 123 7 0 6 4 4 2 3 2 21 
3 6 4 9 6 5 23 4 1 6 10 4 3 3 3 11 
3 6 2 11 10 9 98 4 0 8 10 4 3 3 2 21 
5 4 2 9 10 9 98 5 0 3 12 4 1 3 2 11 
3 4 2 11 10 9 112 2 0 3 4 4 3 3 3 21 
5 4 6 9 10 5 54 4 1 6 10 8 1 5 3 11 
5 3 4 6 6 9 87 4 0 8 4 4 2 10 5 16 
3 4 8 9 10 5 23 4 0 6 12 8 3 5 3 11 
3 4 3 6 15 5 23 4 0 6 10 8 3 5 3 11 
5 4 2 9 10 12 112 8 0 6 2 4 3 3 2 16 
5 4 6 6 10 5 23 4 1 6 10 8 3 5 3 16 
5 4 6 6 12 5 23 2 0 6 10 8 3 5 3 11 
5 6 3 11 6 13 111 4 0 8 2 4 1 3 2 16 
3 4 2 11 6 12 120 7 0 9 2 4 2 3 2 16 
5 4 6 6 10 5 23 5 1 8 10 8 2 3 3 11 
3 3 3 6 6 9 57 4 1 3 4 4 3 10 1 12 
3 3 7 4 12 5 92 4 1 3 12 4 2 3 2 11 
3 4 2 12 6 9 112 4 0 3 8 4 4 3 2 21 
5 4 2 9 6 13 120 5 0 6 4 4 2 3 2 21 
5 4 4 6 10 9 23 4 1 8 12 8 3 5 3 11 
2 3 6 9 15 9 14 5 0 6 15 4 2 3 1 23 
2 4 2 9 6 13 128 5 0 6 4 4 2 3 2 21 
6 4 7 9 3 9 24 4 1 1 10 4 4 3 2 16 
5 3 6 6 10 9 23 4 1 3 12 8 3 5 3 11 
3 4 4 9 6 5 23 4 1 6 10 10 3 5 3 11 
3 4 3 9 3 9 115 5 1 3 2 4 2 3 5 16 
5 4 6 6 15 5 23 4 0 3 10 8 2 5 3 11 
3 4 2 11 10 12 112 4 0 8 8 4 3 3 2 16 
3 3 7 4 12 5 83 4 1 3 8 4 2 5 2 11 
3 4 2 9 10 9 111 4 0 3 8 4 3 3 2 21 
5 4 6 6 10 5 24 4 0 6 10 8 3 3 3 11 
3 3 3 9 6 12 32 2 0 3 15 4 3 3 1 11 
3 3 3 4 1 5 54 4 1 3 10 4 2 9 1 16 
3 4 7 6 10 5 23 4 1 8 10 10 3 5 3 11 
5 3 6 4 10 9 23 4 1 6 12 8 3 5 3 11 
3 4 2 9 10 9 125 4 0 8 4 4 3 3 2 21 
7 4 2 9 6 13 128 7 0 8 4 4 2 3 2 21 
5 4 2 9 6 9 122 4 0 3 4 4 2 3 2 21 
3 3 2 9 3 9 113 4 0 6 8 4 3 3 2 16 
5 4 2 9 6 13 123 5 0 8 4 4 2 3 2 21 
5 4 2 11 10 9 97 4 0 6 8 7 3 3 2 16 
3 3 3 4 1 5 54 4 0 3 12 4 1 9 1 16 
3 4 6 9 3 3 111 4 0 6 4 8 4 5 1 16 
3 3 3 6 6 9 38 4 0 6 2 4 2 9 7 5 
3 4 2 12 10 9 98 4 0 6 4 4 3 3 2 21 
5 4 2 11 12 12 122 4 0 6 4 4 3 3 2 22 
2 6 2 11 10 9 111 5 0 3 12 4 2 3 2 16 
3 6 2 13 10 9 112 4 0 3 4 4 3 3 2 21 
5 4 2 9 3 13 114 5 0 6 4 4 2 3 2 21 
5 6 6 9 12 9 23 4 1 8 10 8 2 9 2 11 
2 4 6 9 6 5 35 4 1 6 10 8 3 5 3 11 
3 3 2 6 10 5 111 5 1 3 12 4 2 3 2 21 
3 4 2 11 3 9 112 4 1 3 4 4 3 3 2 21 
3 6 3 11 6 9 57 2 0 6 4 4 1 3 7 5 
7 4 2 9 6 12 112 4 0 1 4 4 2 3 2 21 
2 4 6 6 3 9 61 4 0 3 8 4 6 3 2 11 
3 4 2 9 6 9 106 5 0 8 4 4 3 3 2 21 
7 3 2 9 6 13 102 7 0 6 4 4 2 3 2 21 
3 3 4 6 15 13 83 4 0 3 2 7 3 9 5 12 
3 6 2 12 12 9 122 5 0 6 8 4 2 3 2 21 
3 4 3 9 3 9 100 4 0 6 2 4 2 9 7 12 
3 4 8 9 12 5 23 4 1 6 12 8 3 5 3 11 
3 4 2 11 6 9 112 4 1 3 4 4 3 3 1 21 
3 6 2 12 18 12 102 4 0 8 4 4 3 3 2 22 
5 6 3 12 6 9 112 4 0 6 4 17 3 3 2 21 
5 3 3 6 3 9 98 2 0 6 1 4 2 11 1 17 
5 6 4 11 12 5 59 4 0 6 4 8 2 3 7 11 
3 4 2 11 12 12 102 4 0 3 10 4 3 3 2 21 
2 4 4 9 3 9 100 4 0 6 4 4 1 3 2 21 
3 4 2 11 3 9 104 4 0 6 8 4 3 3 2 21 
5 4 2 11 6 9 120 7 0 6 4 4 2 3 2 21 
5 8 6 11 12 3 54 4 8 1 4 4 3 3 1 16 
5 4 6 9 12 5 23 5 1 8 10 8 3 5 4 11 
3 4 6 6 10 5 23 4 1 3 10 8 2 3 3 5 
2 4 7 6 6 12 85 4 1 6 4 4 1 5 1 21 
3 4 2 9 10 9 111 5 0 6 8 4 2 3 2 21 
3 3 7 4 10 5 92 4 1 3 12 4 2 3 2 11 
5 4 2 11 6 9 100 2 0 3 4 7 2 3 2 22 
2 4 2 9 10 12 113 7 0 6 10 4 2 3 2 21 
5 4 2 9 6 13 112 5 0 3 4 4 2 3 2 21 
2 3 4 11 6 9 32 4 1 6 15 4 3 3 1 21 
3 4 2 9 10 9 111 5 0 6 12 4 1 3 2 16 
3 4 6 9 12 13 38 4 1 3 4 4 2 5 1 16 
3 4 2 11 10 9 120 4 0 3 4 4 3 3 2 21 
6 4 6 6 10 5 23 4 1 6 10 8 3 5 3 11 
3 6 6 11 6 3 133 2 1 6 10 4 3 3 1 16 
6 3 4 6 10 13 81 4 0 6 2 4 3 10 5 16 
6 6 2 11 3 12 122 5 0 6 4 4 2 3 2 21 
2 4 2 11 10 9 112 4 0 3 4 7 2 3 2 21 
3 6 2 12 12 9 111 7 0 6 8 4 2 3 2 16 
3 4 2 9 12 9 98 5 0 3 4 4 2 5 3 16 
5 4 2 9 6 12 120 5 0 6 4 4 2 3 2 21 
5 4 6 6 10 5 23 4 1 3 10 8 3 5 3 11 
5 4 2 9 6 12 112 7 0 6 4 4 2 3 2 16 
7 4 2 9 10 13 123 7 0 6 4 4 2 3 2 21 
3 6 2 11 6 9 111 5 1 6 12 4 2 3 2 21 
5 4 2 9 6 13 122 8 0 8 4 4 2 3 2 21 
5 4 2 9 10 13 122 7 0 6 8 4 2 1 2 21 
2 6 2 9 10 12 112 4 0 6 4 4 2 3 2 16 
5 4 4 6 10 5 24 4 1 6 13 8 3 5 3 11 
3 4 6 6 10 5 24 4 1 6 10 10 3 3 3 11 
3 6 2 11 12 9 98 5 0 6 4 4 1 3 2 11 
3 4 2 11 6 9 87 4 1 3 4 4 3 3 2 21 
3 6 3 12 6 12 112 4 0 8 4 4 1 3 2 21 
3 3 3 4 3 5 54 4 1 3 4 4 2 9 1 16 
3 4 3 9 6 12 113 4 0 6 8 4 1 3 2 21 
3 4 2 11 10 9 112 4 0 6 8 4 3 3 3 21 
2 3 3 6 3 5 81 4 0 6 10 4 2 9 1 16 
3 3 4 4 3 5 85 2 1 3 10 4 2 5 7 16 
5 4 2 9 6 12 112 5 0 6 12 4 2 3 2 21 
6 6 7 11 6 5 23 4 1 1 10 4 4 3 2 16 
3 4 2 11 10 9 112 4 0 6 2 4 3 3 2 22 
3 4 2 11 10 9 112 4 1 3 8 4 3 3 2 21 
3 4 2 11 10 9 113 4 0 6 4 4 3 3 2 21 
5 4 4 6 10 5 24 4 0 6 10 8 2 5 3 11 
5 4 4 6 10 5 24 4 0 6 13 10 3 3 3 11 
2 3 3 6 20 12 97 4 0 6 2 4 3 9 5 16 
5 4 2 9 6 13 123 5 0 8 4 4 2 3 2 21 
3 3 2 6 3 9 112 2 3 6 4 4 3 3 2 21 
3 4 2 9 10 12 111 5 8 3 4 4 2 3 2 21 
6 4 2 9 6 13 128 5 0 6 4 4 2 3 2 21 
6 4 2 9 6 13 128 5 1 6 4 4 2 3 2 21 
5 3 2 6 3 13 112 5 0 6 10 4 2 3 2 21 
3 4 6 6 10 5 24 4 0 6 12 8 2 5 3 11 
5 4 6 6 10 5 23 4 1 6 10 8 3 5 3 11 
6 4 2 9 3 9 120 4 0 6 10 4 2 3 2 16 
6 6 6 9 10 5 24 4 1 8 12 8 3 5 3 16 
6 6 2 11 10 13 123 7 0 6 4 4 2 3 2 21 
3 4 2 6 6 13 112 5 0 6 8 4 4 3 2 21 
3 3 4 4 3 5 81 4 0 3 8 4 2 9 1 11 
3 4 2 9 10 9 111 4 1 3 4 4 3 3 2 21 
3 4 7 9 10 5 23 4 0 6 10 8 4 5 3 11 
3 3 6 4 6 5 23 4 1 3 10 8 3 9 3 11 
3 6 4 11 10 5 4 4 0 8 10 8 3 3 3 11 
3 3 2 9 10 9 112 4 0 6 4 4 2 3 2 21 
3 4 2 9 12 9 98 7 0 8 12 4 2 3 2 16 
3 4 2 9 12 12 112 4 0 3 4 4 3 3 2 22 
3 4 2 11 15 9 122 5 0 6 4 4 2 3 2 22 
3 4 4 6 10 5 24 4 1 6 10 8 2 5 3 11 
5 4 6 6 6 5 23 4 1 8 12 8 3 5 3 11 
3 4 6 6 10 5 23 4 1 6 12 10 3 5 3 11 
3 4 2 11 15 9 111 4 0 6 4 4 4 3 2 21 
3 6 2 12 10 12 125 4 3 3 10 4 3 3 2 21 
3 3 7 4 10 5 81 4 0 3 4 4 2 5 2 11 
5 4 2 11 3 9 112 7 0 3 4 4 2 3 2 21 
5 4 4 6 10 5 34 4 3 3 10 8 3 5 3 11 
3 3 2 6 10 9 120 7 0 6 8 4 2 3 2 21 
5 4 6 6 12 5 24 4 1 3 10 8 3 5 3 11 
6 4 4 6 12 5 15 4 1 8 10 8 3 5 3 11 
5 4 2 9 6 12 129 4 0 8 4 4 3 1 2 21 
3 3 7 4 10 5 81 4 1 3 10 4 2 5 2 11 
3 3 2 11 12 12 111 4 1 8 4 4 1 3 2 21 
5 4 2 9 6 5 122 4 0 3 4 7 2 1 2 21 
6 4 6 9 10 5 20 4 1 3 10 8 2 5 2 11 
5 4 2 9 10 9 100 4 0 3 4 4 3 3 2 21 
3 3 2 9 10 12 111 5 0 6 4 4 3 3 2 21 
3 4 7 9 1 12 20 4 0 6 10 4 3 3 2 11 
3 4 2 11 12 9 83 4 0 3 4 4 3 3 2 22 
5 4 7 6 10 9 24 2 0 8 10 8 3 5 3 11 
3 3 2 9 10 12 128 7 0 6 4 4 4 3 2 21 
3 4 2 11 6 9 57 4 0 3 4 4 3 3 2 21 
3 4 2 9 6 9 112 4 1 6 4 4 2 3 2 21 
3 4 4 6 10 5 23 4 0 6 10 8 3 5 3 5 
3 4 2 11 6 12 92 5 0 6 4 4 3 3 2 21 
3 6 7 11 12 9 83 4 1 8 12 8 4 3 3 11 
3 4 6 6 15 5 23 4 1 3 10 8 2 5 3 11 
3 4 2 12 10 9 111 4 0 3 4 7 3 3 2 22 
6 6 2 11 6 12 122 5 0 6 4 4 2 3 3 21 
5 4 2 9 6 13 128 7 0 6 2 4 1 3 2 21 
3 4 2 9 6 12 112 5 0 6 8 4 2 3 2 16 
3 4 2 12 10 9 98 4 0 6 4 4 3 3 2 21 
3 6 2 12 6 9 104 5 0 6 4 4 3 3 2 21 
3 4 2 9 6 12 87 7 0 6 4 4 2 3 2 21 
3 4 2 9 10 12 120 5 0 6 4 4 1 3 3 21 
3 4 2 11 10 12 113 4 0 8 4 1 3 3 2 21 
5 4 7 9 10 3 14 4 1 6 10 8 3 5 3 11 
3 4 2 9 10 13 102 7 0 6 4 4 3 3 2 21 
3 4 2 11 6 9 102 5 1 6 10 4 2 3 2 22 
3 4 2 9 3 9 112 4 1 3 4 4 3 3 2 21 
3 4 3 9 6 12 87 4 8 6 4 4 1 3 2 21 
3 4 7 9 6 3 122 5 8 6 4 4 2 3 1 16 
2 6 4 6 3 13 32 4 0 6 4 4 3 3 1 16 
3 3 3 6 1 5 97 4 0 6 1 4 2 10 1 16 
3 6 2 9 12 9 111 5 1 6 4 4 2 3 2 11 
3 4 2 9 1 13 122 7 0 6 4 4 1 3 2 21 
5 6 3 12 10 9 98 4 0 8 4 4 3 3 2 11 
9 6 2 12 3 9 112 7 0 6 4 4 2 3 3 21 
5 8 2 12 6 12 128 7 0 6 4 4 2 3 2 21 
2 4 6 12 12 9 24 5 0 9 15 4 2 1 1 11 
3 4 2 9 6 9 100 5 0 3 8 4 3 3 2 21 
7 6 2 11 10 13 123 8 0 6 2 4 2 3 2 21 
3 4 4 9 12 5 61 2 0 3 12 4 3 3 7 16 
3 4 2 4 15 12 97 5 0 3 13 4 2 3 2 16 
3 6 6 9 12 12 57 4 0 6 10 8 3 3 3 11 
2 6 2 11 10 9 112 4 0 6 4 4 3 3 4 21 
3 3 7 4 10 5 91 4 0 3 10 4 2 3 2 11 
5 4 2 6 1 12 128 7 0 8 8 4 2 3 2 21 
2 4 4 11 10 9 32 4 1 8 15 4 3 3 1 21 
8 3 3 4 3 9 83 2 0 6 4 4 2 9 7 12 
3 4 2 11 6 5 120 4 0 8 4 1 1 3 2 21 
3 4 2 12 10 13 114 5 0 3 8 4 2 3 2 21 
3 4 2 11 10 9 112 5 0 6 10 4 2 3 2 21 
5 4 2 9 3 12 114 5 0 3 4 4 2 3 2 16 
3 4 7 11 3 9 23 4 0 1 12 4 3 3 3 11 
3 4 3 9 6 12 100 4 0 9 4 4 1 5 2 21 
3 4 2 11 6 12 120 5 0 8 4 4 2 3 2 21 
5 4 6 6 10 5 23 4 1 6 12 8 3 5 3 11 
3 4 2 11 6 9 120 4 1 3 4 4 3 3 2 21 
2 4 2 6 10 5 100 4 0 3 8 4 3 3 2 21 
3 6 2 11 20 9 112 4 1 6 4 4 2 3 2 21 
5 4 8 9 3 12 23 7 1 1 10 4 3 3 2 11 
3 4 4 9 10 3 111 4 0 6 8 8 4 3 2 16 
3 4 2 9 1 12 122 7 1 3 4 4 2 3 3 21 
5 4 2 11 6 9 113 5 0 3 4 4 2 3 2 21 
5 4 6 6 10 5 23 4 1 6 10 8 3 5 3 11 
3 3 7 4 6 5 54 4 0 3 10 4 2 5 2 11 
8 4 2 9 6 12 128 5 0 3 4 4 2 3 2 21 
5 4 7 6 6 5 4 4 0 8 10 8 2 3 3 5 
3 2 2 6 10 13 98 4 0 3 10 4 2 3 2 21 
6 4 6 9 10 5 100 4 0 3 8 12 3 3 2 11 
5 4 2 9 6 12 123 5 0 8 4 4 2 3 2 16 
5 8 2 12 10 13 128 5 0 3 4 7 2 3 2 21 
3 4 4 9 12 5 24 4 1 3 12 8 3 5 2 11 
6 4 2 9 3 12 122 5 0 6 4 4 2 3 2 21 
3 4 2 11 10 12 120 4 0 3 4 4 3 3 2 21 
3 6 2 12 10 9 100 4 0 6 8 4 3 3 2 21 
3 4 6 9 10 5 23 4 0 6 12 8 7 5 4 11 
2 3 4 9 3 5 54 4 0 3 8 4 2 9 1 16 
5 4 4 6 10 5 23 4 0 3 10 8 2 5 3 11 
3 4 2 12 6 12 122 5 0 6 4 4 2 3 2 21 
3 4 2 9 15 9 102 5 1 6 4 4 1 3 2 22 
3 4 2 9 6 9 122 2 0 6 4 4 2 3 2 21 
3 4 2 11 12 13 115 5 1 3 4 4 2 3 2 21 
3 4 2 9 12 12 111 5 0 6 10 4 3 3 2 16 
5 6 2 12 10 9 104 4 0 8 4 7 4 3 2 21 
3 4 7 3 10 5 35 4 0 3 10 8 2 5 3 11 
3 4 2 12 6 9 120 4 0 6 4 4 2 3 2 21 
3 4 2 11 3 13 122 7 0 3 4 4 2 3 2 21 
3 4 2 11 6 12 120 5 0 6 4 4 2 3 2 21 
3 3 7 4 12 5 81 4 1 3 4 4 2 5 2 11 
3 4 2 11 6 14 122 7 0 6 4 4 2 3 2 21 
5 3 3 9 10 9 98 4 1 3 12 4 6 10 5 16 
3 6 2 11 15 9 113 4 1 6 4 4 2 3 2 21 
6 4 6 9 10 5 23 4 1 3 10 8 2 5 3 11 
3 4 2 12 15 9 100 4 0 6 4 4 3 3 2 21 
3 4 3 9 3 9 83 4 1 6 2 4 2 10 7 12 
5 4 2 9 3 13 122 4 0 6 4 4 2 1 2 21 
3 4 6 9 6 5 23 4 1 6 13 8 3 5 3 5 
3 4 2 11 10 9 112 4 0 8 4 4 3 3 3 21 
2 4 6 12 6 9 15 4 1 8 15 4 3 3 2 21 
3 4 2 9 6 9 104 5 0 8 4 4 3 3 2 21 
3 4 3 4 3 12 35 5 0 6 15 4 2 9 5 3 
3 4 2 11 10 9 102 2 0 6 2 4 4 3 2 21 
3 4 3 9 10 12 112 2 0 8 4 4 1 3 2 21 
3 4 2 11 6 9 98 4 0 8 8 4 4 3 3 21 
3 3 2 9 10 9 111 5 0 3 4 4 3 3 2 22 
5 4 2 11 10 13 122 5 0 6 8 4 2 3 3 22 
3 4 2 9 3 13 122 7 0 8 4 4 2 3 2 21 
3 4 2 11 3 9 112 4 0 6 2 8 3 3 2 21 
3 8 2 12 10 9 100 7 0 8 4 4 2 3 2 16 
5 6 6 9 6 5 23 4 1 6 10 8 3 3 3 11 
3 4 2 11 6 12 112 7 0 8 1 4 2 3 2 21 
5 4 2 9 1 13 122 4 0 6 4 4 2 1 2 21 
6 4 7 9 10 9 83 4 1 6 10 8 4 5 3 11 
5 3 3 6 10 9 61 4 1 8 10 4 2 10 1 12 
5 4 4 6 10 5 15 4 1 6 10 8 3 5 3 11 
3 4 3 6 19 9 54 2 0 1 15 8 3 3 1 16 
6 4 2 9 6 12 120 7 0 9 2 4 2 3 1 21 
6 4 7 9 6 12 23 4 0 1 10 4 3 3 2 16 
3 4 1 11 12 12 123 7 0 6 4 4 2 3 2 21 
5 4 2 9 6 5 120 4 0 6 4 4 2 1 2 22 
7 6 2 11 3 13 113 5 0 6 4 4 3 3 2 21 
3 6 3 11 6 12 100 4 0 6 4 4 1 3 2 21 
3 6 2 9 15 9 102 4 1 6 4 4 2 3 2 21 
5 6 2 12 10 9 97 4 0 8 8 4 3 3 2 16 
2 3 3 6 3 5 37 4 0 3 4 4 2 9 1 16 
3 6 3 11 6 9 120 4 0 6 4 4 1 3 2 21 
3 6 2 13 6 9 100 4 0 6 4 4 3 3 2 16 
5 4 2 9 6 9 122 5 0 6 4 4 2 3 2 21 
3 4 4 6 10 2 87 4 8 6 8 10 2 3 2 16 
3 4 2 11 6 9 91 4 0 6 4 4 4 3 2 21 
6 4 6 6 10 5 20 4 1 8 10 10 3 5 3 5 
3 6 2 11 12 12 98 5 0 3 4 4 2 3 2 21 
5 4 2 9 6 12 122 5 0 6 4 4 2 3 2 21 
2 3 3 6 6 13 54 5 1 1 1 7 3 5 1 16 
2 6 3 11 6 13 100 4 0 6 4 4 1 3 2 21 
3 4 2 11 6 9 102 2 1 3 2 4 3 3 2 21 
5 4 2 9 3 13 112 5 1 6 4 4 2 1 2 21 
2 3 3 4 3 9 35 4 0 3 8 4 2 9 1 16 
3 4 2 9 6 13 122 5 0 6 4 4 2 3 2 16 
5 6 2 9 1 12 123 7 0 3 4 4 2 3 2 21 
2 3 3 3 6 9 52 5 0 3 15 4 2 3 1 5 
5 4 6 9 10 5 23 4 0 6 10 8 3 5 3 11 
5 4 2 9 10 12 122 5 0 1 4 4 2 3 2 21 
3 4 2 11 12 9 111 4 0 3 4 4 3 3 3 21 
3 4 2 9 10 12 113 5 0 6 4 4 2 3 3 22 
5 4 2 9 6 12 112 8 0 8 4 4 2 1 2 21 
3 6 4 11 15 9 111 4 1 6 4 4 3 3 2 21 
3 4 2 11 12 9 122 5 0 6 4 4 2 3 1 22 
3 6 6 9 10 5 23 4 1 6 10 10 3 5 3 11 
5 4 2 11 6 13 123 4 0 9 4 4 2 3 2 22 
6 4 6 6 6 5 20 4 0 6 10 7 3 5 3 11 
3 3 3 11 3 13 57 2 0 3 2 7 2 10 1 13 
3 4 2 9 18 5 120 4 0 8 8 4 2 3 2 21 
5 6 4 9 15 9 37 4 8 6 4 4 2 5 1 5 
3 4 3 9 3 12 114 5 0 3 4 7 2 3 2 16 
5 4 2 9 12 13 113 5 0 3 4 4 3 3 2 22 
5 4 2 9 3 9 120 5 0 6 8 4 2 3 2 16 
3 3 3 6 3 5 111 2 1 6 4 4 2 10 1 12 
5 4 2 9 6 13 128 4 0 6 8 4 2 1 2 21 
5 4 2 9 6 9 112 7 0 6 8 4 2 1 2 16 
3 4 2 9 12 9 104 5 0 8 4 4 7 3 2 21 
3 3 7 4 10 5 81 4 0 6 10 4 2 5 2 11 
5 4 2 3 10 12 115 5 0 6 10 4 2 3 2 21 
3 4 2 11 6 9 111 1 0 6 4 4 2 3 3 21 
3 4 2 9 10 9 98 5 0 6 10 4 2 3 2 16 
3 4 6 6 15 5 24 4 0 3 10 8 3 5 3 16 
3 2 2 4 10 12 120 4 0 6 8 4 3 3 2 21 
2 3 3 4 1 5 52 4 0 3 8 4 2 9 2 16 
3 4 3 9 6 12 114 4 0 6 8 4 1 3 3 21 
3 3 2 6 12 12 54 2 0 6 2 4 2 10 5 16 
3 4 2 9 12 9 100 5 7 3 4 4 2 3 2 16 
3 4 2 9 15 9 98 4 0 3 8 7 3 3 2 21 
5 4 4 6 6 5 24 4 1 6 13 8 3 3 3 16 
6 3 7 4 10 5 15 4 1 3 10 10 3 5 3 5 
2 3 3 4 3 5 52 5 0 3 10 4 2 9 1 16 
3 4 2 11 10 9 129 4 0 6 4 4 2 3 2 21 
3 4 2 11 6 12 100 4 0 8 8 4 2 3 2 22 
3 4 2 11 10 12 87 5 0 8 2 4 3 3 2 21 
5 6 2 11 10 13 123 7 1 6 4 4 2 3 2 21 
3 4 2 9 6 9 102 4 0 8 8 4 3 3 2 16 
3 4 2 9 10 9 98 5 0 6 8 4 2 3 2 21 
3 3 7 4 12 5 81 4 1 3 10 4 2 5 2 11 
3 4 2 13 10 9 112 4 0 9 4 4 3 3 2 21 
5 4 4 9 10 13 4 4 1 9 10 8 3 3 3 11 
3 4 2 9 6 5 104 5 0 6 4 4 3 3 2 23 
5 4 2 11 6 9 97 4 0 8 8 4 3 3 2 16 
1 3 6 4 3 9 61 2 0 3 10 4 2 9 7 11 
5 4 6 9 12 5 23 4 1 6 10 8 2 5 3 11 
3 6 2 11 6 9 104 4 0 8 4 4 2 3 2 21 
5 4 2 6 6 13 113 5 0 6 4 4 2 3 2 22 
5 4 2 9 6 12 128 4 0 6 8 4 2 1 2 21 
2 4 7 6 10 5 23 4 1 6 10 8 3 5 3 11 
6 6 4 9 3 9 100 5 0 6 4 7 2 5 1 16 
5 4 6 6 12 9 23 4 0 6 10 8 3 5 3 11 
5 4 4 6 6 5 24 4 1 8 10 8 3 5 3 11 
3 4 1 11 12 5 98 5 0 3 8 4 2 3 2 16 
5 4 2 9 3 12 123 7 0 3 4 4 3 3 2 16 
5 4 2 9 3 9 111 7 0 6 8 4 2 3 2 21 
3 6 7 9 10 5 37 4 0 8 10 8 2 5 3 11 
5 4 2 9 6 9 113 4 0 6 8 4 3 3 2 16 
3 6 2 12 6 12 102 4 0 8 4 4 1 3 2 21 
3 4 4 6 20 5 44 2 0 6 2 4 2 3 1 21 
3 4 2 12 10 12 112 4 0 1 2 4 2 3 2 21 
6 6 6 9 12 5 23 4 1 6 10 8 3 5 3 11 
3 4 2 9 12 9 98 5 0 8 4 4 2 3 2 11 
3 3 2 6 10 12 98 5 0 3 10 4 2 3 2 16 
5 4 6 9 6 3 112 4 1 6 4 4 3 3 1 16 
3 4 1 11 10 12 104 5 0 6 4 4 3 3 2 21 
5 4 2 9 6 13 122 5 0 8 4 4 2 3 2 21 
3 6 8 9 15 5 23 5 1 6 10 8 2 3 3 11 
5 4 6 9 10 5 23 4 0 6 10 8 3 5 3 11 
3 4 2 11 10 9 100 4 1 3 4 4 3 3 2 16 
3 8 4 11 12 9 57 4 1 8 10 8 3 3 4 11 
3 4 2 11 10 9 120 4 0 3 4 4 3 3 2 21 
3 4 2 9 10 9 113 4 0 6 4 4 3 3 2 16 
2 4 6 4 6 9 111 7 1 8 1 7 2 5 1 16 
5 6 2 11 10 13 123 5 0 3 10 4 2 3 2 21 
5 4 2 11 6 12 122 5 0 8 4 4 2 3 1 21 
3 4 2 9 12 9 97 5 0 8 8 4 2 5 2 16 
3 3 2 6 6 9 112 4 0 6 12 4 2 3 3 16 
5 6 2 11 10 12 122 8 0 8 10 4 1 3 2 16 
2 4 2 9 6 5 102 4 0 6 4 4 3 3 2 21 
5 4 3 9 3 13 123 5 0 6 4 4 2 3 2 21 
3 6 3 11 6 12 112 4 1 6 8 4 2 3 2 21 
5 4 2 9 3 12 115 7 0 6 4 4 2 3 2 16 
5 4 2 9 6 13 128 4 0 6 8 4 2 1 2 21 
3 4 2 9 6 13 125 5 0 6 4 4 2 3 2 16 
3 3 3 11 3 13 83 2 0 3 2 7 2 10 1 13 
3 4 2 9 6 12 113 7 0 3 8 4 2 3 2 21 
3 4 2 11 6 13 87 5 0 8 4 4 2 3 3 21 
8 4 6 11 12 12 14 5 0 3 15 4 2 3 1 23 
6 4 4 6 15 5 23 4 1 3 10 8 3 5 4 11 
5 3 6 6 18 5 23 4 1 8 12 4 7 5 3 11 
3 4 2 9 10 12 106 7 0 9 4 4 2 3 2 21 
3 4 2 9 6 9 112 4 1 6 8 4 3 3 2 21 
3 4 6 6 15 5 23 4 0 8 10 8 3 5 3 11 
3 4 6 6 3 5 24 2 1 6 10 8 3 5 3 11 
2 6 2 9 6 5 15 4 0 8 2 4 2 9 1 24 
3 4 4 4 6 9 23 4 0 6 10 8 3 5 3 11 
2 4 6 12 12 9 24 5 0 9 15 4 2 1 1 11 
2 4 4 12 6 5 20 4 0 8 15 4 3 3 1 21 
2 3 4 4 6 5 81 5 0 3 10 4 1 9 1 16 
3 4 6 9 10 9 23 4 1 6 10 8 4 5 3 11 
7 4 2 9 6 13 120 5 0 6 4 4 2 3 2 21 
3 3 2 6 10 13 122 7 0 6 4 4 1 3 2 21 
2 4 2 12 12 9 111 7 0 6 8 4 2 3 2 16 
5 4 2 6 6 9 123 7 0 6 8 4 2 3 2 21 
5 4 6 6 15 5 4 4 1 6 10 8 3 5 3 11 
3 4 2 9 6 13 113 5 0 6 4 4 2 3 2 21 
3 4 2 9 1 13 122 4 0 6 4 4 2 1 2 21 
6 4 2 9 6 12 128 4 0 8 2 1 2 3 2 21 
2 3 4 4 3 5 57 4 0 3 4 4 2 9 1 16 
3 3 2 6 12 9 98 5 0 6 8 4 2 3 2 16 
3 4 4 6 10 5 23 4 1 6 12 10 3 5 3 11 
5 4 2 12 12 9 111 4 0 6 8 4 3 3 2 21 
3 4 2 11 10 12 112 4 0 6 2 4 3 3 3 21 
3 6 3 11 6 13 100 4 8 6 8 4 1 5 2 21 
5 6 2 11 12 9 98 5 0 6 4 4 3 3 2 21 
3 4 2 11 12 9 113 4 0 6 2 4 3 3 2 22 
3 4 2 9 12 9 104 5 0 6 4 4 2 3 2 16 
5 4 4 6 15 5 23 4 1 6 10 8 2 5 3 11 
3 10 2 3 12 9 112 5 0 6 4 4 2 3 2 21 
3 3 3 6 12 12 83 4 0 8 2 4 3 9 5 17 
3 6 4 11 10 5 81 4 0 3 4 4 2 3 2 3 
6 4 7 6 12 5 20 4 0 6 12 10 3 5 3 5 
5 3 6 4 10 5 23 4 1 6 10 8 3 5 3 5 
6 4 4 4 3 5 24 4 0 6 10 8 2 5 3 11 
1 3 6 4 6 9 85 2 0 3 4 4 2 9 7 11 
5 3 6 4 12 9 25 5 1 6 10 8 2 3 3 5 
3 3 7 4 10 5 83 4 1 3 10 4 2 5 2 11 
3 4 2 9 12 13 114 7 0 6 4 4 2 3 2 21 
3 3 2 9 6 12 112 4 1 6 4 4 3 3 2 21 
6 4 6 6 10 9 23 4 3 6 10 8 2 5 3 11 
2 6 4 11 3 9 97 5 0 3 4 7 1 3 5 16 
6 6 6 9 6 5 24 4 1 6 10 8 3 5 3 11 
6 4 4 6 10 5 23 4 1 6 10 8 3 5 3 11 
3 3 4 4 6 5 81 4 1 3 4 4 2 9 1 16 
7 4 2 9 10 13 104 7 0 6 4 4 2 3 2 21 
6 3 4 6 10 12 81 4 0 6 2 4 3 10 5 16 
3 4 4 6 6 2 91 4 0 8 10 12 2 3 2 16 
3 4 4 6 3 9 54 4 1 6 10 8 4 3 3 11 
3 3 2 9 12 9 97 4 0 8 8 4 3 3 2 21 
5 8 2 13 6 9 112 4 1 9 8 4 3 3 2 21 
3 3 1 4 12 9 85 5 0 6 12 7 2 3 1 16 
3 6 2 12 12 9 112 4 0 6 10 4 2 3 2 21 
5 4 3 9 3 13 98 4 0 6 2 4 1 3 3 11 
5 4 6 6 15 5 23 4 0 6 12 8 3 5 2 11 
5 4 2 9 3 12 120 7 0 6 4 4 2 3 2 21 
3 4 3 12 18 9 111 4 0 6 4 4 3 5 2 21 
5 3 2 6 10 13 113 7 0 6 4 4 2 1 2 21 
5 4 6 6 6 5 4 4 0 6 10 8 3 5 3 11 
5 4 7 6 10 5 14 4 0 8 10 8 3 5 3 11 
5 4 2 4 6 13 123 4 0 6 8 4 2 3 2 21 
6 4 2 9 6 9 98 4 0 6 4 4 1 3 2 16 
5 4 7 6 10 5 4 4 1 8 10 8 3 5 3 11 
3 4 2 11 1 9 112 4 1 6 4 4 3 5 2 22 
2 4 2 6 18 12 111 5 0 6 8 4 2 3 2 21 
5 4 4 4 10 5 23 4 1 6 10 8 3 5 3 11 
6 3 2 9 6 9 98 5 1 6 8 4 1 3 2 22 
2 3 4 4 15 9 97 4 1 8 4 4 2 3 5 16 
5 4 6 6 10 5 4 4 0 6 10 8 4 5 3 11 
3 3 2 9 6 9 111 4 0 3 2 4 3 3 2 21 
3 6 2 11 12 9 98 5 0 6 4 4 1 3 2 16 
3 4 2 9 20 9 122 5 0 6 10 4 2 3 2 21 
2 4 2 11 15 9 111 4 1 8 4 4 3 3 2 21 
3 3 2 6 12 9 98 7 0 3 8 4 2 3 2 16 
3 6 4 12 3 9 97 7 0 3 8 7 2 3 1 21 
6 4 7 6 6 5 20 4 1 6 10 10 3 5 3 5 
1 6 6 12 10 12 14 4 8 8 15 4 2 5 1 21 
3 3 2 6 10 9 113 4 0 3 4 4 3 3 2 21 
7 4 2 11 6 13 123 7 0 6 4 4 2 3 2 21 
3 4 2 9 6 9 123 7 0 6 8 4 2 3 2 21 
3 3 2 9 10 12 111 5 0 3 4 4 3 3 2 22 
3 6 3 11 6 13 100 4 0 9 4 4 1 5 2 21 
3 4 2 11 15 9 111 5 0 3 8 4 2 3 2 16 
5 4 2 9 1 13 120 4 0 6 4 4 2 1 2 21 
3 3 7 4 10 5 81 4 0 3 8 4 2 5 2 11 
2 4 6 6 1 9 111 7 0 6 1 7 2 5 1 21 
3 4 2 6 10 9 120 4 1 3 4 4 3 3 2 21 
5 4 2 9 3 9 122 4 0 6 2 1 2 3 2 21 
5 4 4 6 12 5 24 4 1 6 10 10 2 3 3 5 
3 4 3 11 12 9 112 4 0 6 4 4 3 3 2 21 
3 4 2 9 6 12 113 2 0 6 8 4 2 3 2 21 
3 6 3 11 10 9 111 5 0 8 2 4 1 3 2 21 
3 4 2 12 10 9 122 4 0 6 8 4 3 3 2 21 
3 4 6 6 12 5 24 4 1 6 10 8 2 5 4 11 
5 4 2 9 3 9 87 5 0 3 4 8 2 3 2 21 
3 3 4 6 10 5 52 4 0 3 1 7 1 9 1 21 
3 4 2 11 10 9 112 4 0 3 4 4 3 3 3 19 
3 4 7 6 10 5 23 4 1 8 10 8 2 3 2 5 
3 4 2 9 6 9 112 5 0 6 8 1 3 3 2 16 
6 4 6 6 10 5 23 4 1 6 12 8 3 5 3 11 
6 4 3 11 12 9 97 5 0 3 8 4 2 3 2 16 
3 4 2 11 12 9 111 5 0 6 4 4 3 3 2 21 
3 6 2 12 10 9 87 4 0 3 8 4 3 3 2 16 
3 4 2 9 10 9 122 5 0 3 4 4 2 3 2 21 
5 3 2 6 6 12 129 7 0 3 4 4 2 3 2 21 
3 6 2 11 6 13 120 5 0 6 4 4 2 3 2 21 
3 3 3 9 3 5 102 2 0 8 2 4 2 11 1 12 
3 4 2 11 6 13 125 5 0 6 4 4 2 3 2 21 
3 6 3 11 6 12 113 4 0 8 4 4 1 3 2 22 
6 4 4 6 10 5 23 4 1 6 10 8 2 5 3 11 
7 4 6 11 3 3 85 4 0 3 8 10 3 3 2 11 
3 4 6 9 6 3 83 4 0 8 8 10 2 3 2 11 
3 4 2 9 6 12 113 4 0 1 2 4 2 3 2 16 
3 4 2 9 10 12 111 7 0 8 10 4 2 3 2 16 
7 4 6 9 10 5 24 4 1 6 12 8 3 5 3 11 
5 4 2 6 6 12 123 7 0 6 4 4 2 3 2 21 
7 4 6 6 10 9 23 2 1 6 10 8 3 3 3 5 
3 4 2 11 12 9 113 4 0 6 4 4 4 3 2 21 
3 4 2 9 3 13 129 5 0 6 4 4 2 3 2 16 
5 4 6 6 6 5 23 2 1 8 12 8 3 5 3 11 
3 6 2 11 12 9 100 7 0 6 4 4 2 3 2 16 
3 4 2 9 6 9 112 4 1 3 8 4 3 3 2 21 
5 4 2 9 15 9 111 5 0 6 10 4 2 3 2 21 
3 3 3 6 10 9 98 5 0 8 4 4 2 3 5 16 
3 3 7 4 10 5 83 4 1 3 8 4 2 5 2 11 
3 6 3 11 6 13 113 4 0 6 4 4 1 3 2 21 
3 3 7 4 10 5 91 4 0 3 8 4 2 3 3 11 
3 6 7 12 10 5 65 4 1 6 4 4 2 5 2 11 
3 3 6 4 10 5 83 5 0 3 10 4 2 5 2 11 
3 4 6 11 10 3 112 4 1 8 8 4 2 3 1 16 
3 4 2 11 6 9 120 4 0 6 4 1 3 3 2 21 
3 4 2 11 6 9 112 4 0 3 4 4 3 3 2 21 
5 6 6 9 10 5 23 4 1 3 10 8 3 5 3 11 
3 4 2 11 6 9 113 4 0 8 4 4 2 3 2 21 
3 4 6 9 3 3 98 4 0 8 4 4 2 3 1 16 
6 6 2 11 6 13 122 4 1 6 4 4 2 3 2 21 
3 4 2 9 12 9 98 4 0 3 12 4 2 3 2 11 
3 4 2 11 12 13 100 4 0 3 4 4 3 3 2 21 
5 4 2 9 6 13 122 5 0 3 8 7 1 3 2 21 
3 4 2 11 10 12 111 4 0 6 4 4 4 3 2 16 
2 4 2 9 6 13 123 7 0 8 4 4 2 3 2 21 
3 3 7 4 12 5 83 4 1 3 8 4 2 5 2 11 
3 4 2 9 6 9 128 7 0 8 4 4 2 3 2 21 
2 3 6 9 12 9 81 4 0 3 8 4 2 9 1 16 
3 6 2 11 3 13 128 5 0 3 4 4 2 3 2 22 
6 4 6 4 10 5 23 4 1 9 12 8 2 5 3 11 
3 3 3 4 3 5 54 4 0 3 4 4 1 9 1 16 
6 4 6 9 3 3 122 4 0 6 8 4 3 3 1 16 
6 4 6 9 15 9 23 4 0 6 10 8 3 5 3 11 
2 4 6 12 6 9 15 4 1 8 15 4 3 3 1 16 
3 4 2 9 6 13 128 7 0 6 2 4 1 3 2 21 
3 4 6 7 6 5 35 4 1 2 10 8 3 5 3 11 
3 3 2 9 10 9 111 4 0 3 4 4 3 3 3 21 
6 4 2 6 6 13 112 7 0 6 4 7 2 3 2 21 
6 3 4 9 6 12 83 4 8 6 4 7 3 5 2 7 
5 4 2 9 6 9 112 7 0 6 8 4 2 1 2 16 
3 4 2 11 10 12 122 7 0 6 4 4 2 3 2 21 
6 4 2 9 6 12 128 7 0 6 4 4 2 3 2 21 
3 4 2 11 10 12 112 7 0 3 2 4 2 3 2 21 
3 8 4 11 12 9 57 4 1 8 10 8 3 3 4 11 
5 3 2 11 12 9 104 4 0 3 4 4 3 3 2 16 
2 6 6 9 3 5 23 4 0 6 10 8 4 5 3 16 
3 4 4 4 10 5 23 4 3 3 10 8 3 5 3 11 
3 6 6 11 10 9 23 4 0 6 12 10 4 5 3 11 
1 4 2 12 12 9 111 4 0 6 4 4 3 3 1 21 
3 8 7 12 15 9 57 4 0 3 10 8 4 3 3 11 
1 6 7 12 10 12 14 4 0 6 15 4 3 3 2 21 
3 4 2 11 6 9 113 4 0 3 4 4 3 3 2 21 
5 3 3 6 6 9 83 4 0 3 12 4 6 10 5 16 
6 4 6 6 12 5 23 5 1 6 13 8 3 3 3 11 
5 3 2 6 12 12 111 5 0 6 4 4 2 3 2 21 
3 3 4 4 10 5 93 4 3 3 10 4 2 3 1 11 
2 3 3 4 3 5 54 4 0 3 8 4 2 9 1 16 
3 4 4 9 6 12 23 4 1 1 10 4 3 3 1 21 
6 4 2 9 1 12 122 4 0 6 4 4 2 1 2 21 
3 3 7 4 6 5 81 4 1 3 10 4 2 5 2 11 
3 3 2 6 12 13 112 4 0 6 8 4 3 3 2 21 
3 6 2 13 12 9 111 7 0 6 4 4 2 3 2 16 
3 4 3 9 6 9 111 4 0 8 4 4 1 3 2 16 
3 4 3 9 6 12 120 7 0 8 4 4 1 3 2 21 
3 4 2 9 10 9 112 5 1 8 4 4 2 3 2 21 
3 4 2 12 6 9 112 4 0 6 4 4 3 3 2 21 
3 4 2 11 15 5 15 4 0 6 4 18 3 9 1 21 
3 4 2 9 6 9 104 5 0 6 2 4 3 3 2 21 
5 6 6 9 10 5 23 4 0 6 13 8 3 5 3 11 
3 4 2 9 6 13 111 5 0 8 8 4 3 3 2 21 
3 6 7 4 6 9 57 2 0 8 10 8 3 3 3 11 
5 6 2 11 3 12 113 7 0 6 4 18 2 3 2 16 
3 4 8 6 10 9 24 4 1 6 10 10 3 5 3 11 
5 4 2 9 6 12 132 5 0 6 4 4 2 3 2 21 
5 4 6 4 6 5 23 2 1 6 10 8 3 5 3 11 
2 6 2 12 3 9 100 4 1 8 4 4 2 3 2 21 
5 4 2 11 6 13 122 7 0 6 8 4 2 3 2 16 
3 4 2 9 10 9 100 4 1 3 10 4 3 3 2 21 
3 3 3 6 6 9 83 4 1 6 4 4 3 10 1 11 
5 4 2 6 6 13 128 4 0 6 4 4 2 1 2 21 
3 3 3 9 10 13 97 4 1 3 4 4 6 10 5 16 
5 6 1 11 6 13 100 7 0 6 8 4 2 3 2 21 
3 4 4 9 14 5 67 2 0 6 2 4 2 3 1 16 
5 6 3 11 6 12 97 4 0 6 2 4 1 3 2 21 
3 4 2 11 10 9 97 4 0 6 10 4 3 3 2 16 
3 4 2 11 10 12 112 4 0 6 4 4 2 3 2 21 
5 4 2 9 6 12 122 4 0 6 8 4 2 3 2 21 
3 4 6 6 12 5 33 2 1 6 10 8 2 5 3 11 
3 4 2 11 6 9 113 4 1 6 4 4 2 3 2 21 
3 6 3 11 4 13 113 4 0 3 4 4 1 3 2 16 
3 4 4 6 15 5 23 4 0 6 12 8 3 5 3 5 
3 6 6 9 6 5 23 4 1 6 10 8 3 5 3 11 
5 4 6 6 6 5 23 4 1 10 10 8 3 5 3 16 
3 4 2 9 6 5 104 5 0 6 2 4 3 3 2 22 
6 3 2 9 6 9 112 5 0 6 10 4 2 3 2 16 
3 4 2 6 6 13 113 7 1 8 4 4 2 3 2 22 
3 6 2 12 6 12 61 5 0 8 4 4 2 3 2 21 
5 4 8 6 18 5 23 4 1 8 10 8 3 3 3 11 
2 4 3 9 6 12 112 4 0 9 8 7 3 3 2 21 
3 6 6 9 6 9 98 7 0 3 1 7 3 5 1 16 
3 4 2 9 6 9 98 4 0 3 4 4 3 3 2 21 
3 3 3 4 3 5 81 4 0 3 4 4 2 9 1 16 
3 4 2 9 10 12 112 4 1 3 4 4 3 3 2 22 
7 4 2 9 1 12 122 4 0 6 4 4 2 1 2 21 
2 4 3 11 20 9 120 7 0 6 4 4 3 3 2 16 
5 4 6 6 6 5 23 4 1 6 10 8 3 5 3 11 
3 4 4 4 10 5 23 5 1 3 10 8 3 5 3 5 
6 4 2 9 1 13 122 4 0 6 4 4 2 1 2 21 
6 4 2 9 1 13 122 4 0 6 4 4 2 1 2 22 
3 4 2 9 3 12 113 7 0 3 4 4 2 3 2 21 
2 3 3 3 6 9 52 5 0 3 15 4 2 3 1 5 
3 6 3 11 10 12 120 4 0 3 4 4 1 5 2 21 
6 4 6 6 10 5 35 4 1 6 10 8 3 5 3 11 
2 4 2 9 10 9 100 4 0 9 2 4 3 3 3 22 
6 4 2 9 3 13 128 7 0 3 2 4 3 3 2 21 
6 4 2 9 10 13 129 7 0 6 4 4 2 3 2 21 
3 3 2 9 10 12 111 5 0 3 4 4 2 3 2 16 
2 4 2 9 6 12 123 5 0 3 4 4 2 3 2 21 
3 4 6 6 1 5 23 5 1 6 10 8 3 5 3 11 
3 6 2 12 10 13 112 4 0 3 4 4 3 3 2 21 
3 4 6 6 6 9 35 4 3 3 10 8 3 5 3 11 
8 6 1 12 10 5 122 5 3 3 15 4 1 3 2 25 
3 4 6 9 10 5 23 4 0 6 10 8 3 5 3 11 
6 4 6 6 12 5 20 2 1 6 10 10 4 5 3 11 
3 4 2 11 3 9 112 4 1 3 4 4 4 3 2 21 
3 4 2 9 10 13 113 5 0 6 4 4 2 3 2 21 
5 4 2 9 6 12 129 7 0 8 4 7 2 3 2 21 
3 4 2 12 3 9 111 4 0 6 4 4 2 3 2 21 
1 3 4 4 3 5 97 4 0 3 4 4 2 9 1 16 
3 4 2 9 6 9 113 5 0 6 4 4 2 3 2 21 
3 3 2 9 10 9 122 5 1 6 12 4 2 3 3 21 
3 4 2 13 15 9 114 4 0 3 4 4 3 3 2 21 
2 4 4 6 15 9 38 4 0 9 2 4 1 3 1 5 
3 4 2 9 6 12 113 7 1 3 4 4 2 3 2 21 
6 4 2 9 10 13 129 8 0 6 8 4 2 3 2 21 
5 3 2 9 10 12 97 5 0 6 4 4 2 3 2 21 
3 4 2 12 12 12 102 4 0 8 8 4 2 3 2 21 
6 4 2 9 6 12 122 4 0 3 4 4 2 3 2 22 
5 6 4 9 10 5 23 4 1 6 10 8 2 5 3 11 
5 4 6 6 10 5 24 4 1 6 12 8 3 5 3 11 
3 4 2 9 3 13 123 7 1 6 4 4 2 3 2 16 
2 6 2 11 6 12 112 4 0 8 4 4 2 3 2 22 
3 6 3 9 10 9 35 4 0 3 4 4 2 5 1 11 
3 4 2 9 10 9 98 5 0 3 4 4 2 3 2 16 
6 6 2 11 3 12 122 5 0 6 4 4 1 3 2 21 
2 4 3 9 10 3 24 4 0 3 12 8 3 5 3 11 
3 4 2 11 10 5 98 4 0 8 4 4 2 3 2 21 
2 4 2 11 15 9 98 4 0 6 4 4 3 5 2 21 
5 6 2 11 6 9 113 5 0 6 1 4 2 3 2 21 
2 6 4 11 10 9 14 4 0 6 15 4 2 5 1 22 
5 4 2 9 3 12 128 7 0 6 4 4 1 3 2 21 
6 4 2 9 6 13 120 5 0 6 4 4 2 3 2 21 
5 4 2 11 6 9 111 5 0 6 13 4 3 3 3 16 
2 4 2 9 6 5 100 4 0 3 8 4 3 3 2 21 
3 4 2 11 12 9 97 4 0 3 4 4 3 3 2 21 
3 3 2 6 6 13 113 5 0 6 4 4 2 1 2 21 
3 6 6 9 12 5 57 4 1 6 12 8 4 3 2 16 
3 3 2 6 6 9 120 4 0 8 4 4 3 3 2 21 
3 4 3 11 12 9 123 5 0 6 8 4 2 3 2 22 
5 4 2 11 6 9 122 5 1 3 4 4 2 3 2 21 
5 4 2 9 6 13 129 5 0 8 4 4 2 1 2 21 
5 6 7 9 12 9 77 4 1 9 10 8 4 3 4 11 
3 4 2 11 6 13 87 5 0 8 4 4 2 3 3 21 
5 4 6 6 18 5 14 4 0 3 10 8 3 3 3 11 
3 4 3 9 6 12 111 4 0 6 8 4 6 3 2 16 
5 4 6 6 10 5 23 4 1 9 10 8 3 5 3 11 
3 4 2 9 6 12 128 7 0 6 4 4 2 3 2 21 
3 4 2 11 6 9 113 4 0 6 8 4 3 3 2 21 
3 6 2 11 10 9 111 5 1 6 8 4 2 3 2 21 
3 3 3 6 3 12 81 2 0 6 2 4 2 10 1 12 
2 6 3 9 3 5 53 4 0 3 2 4 2 9 1 16 
5 3 7 6 12 5 88 4 0 3 12 4 2 3 2 11 
3 3 6 6 10 3 81 2 0 9 12 12 3 3 2 16 
3 4 7 6 6 5 23 4 1 6 10 8 2 5 3 5 
2 4 1 9 6 5 100 4 0 3 4 4 3 3 2 21 
3 4 2 9 6 13 122 4 1 6 4 4 3 3 2 21 
3 4 2 11 12 9 98 4 0 6 4 7 3 3 2 16 
5 4 2 9 3 13 122 7 0 6 4 4 2 3 2 21 
3 6 3 13 10 13 120 4 0 8 8 4 1 3 2 21 
6 4 6 6 10 5 23 4 1 6 10 8 3 5 3 11 
8 6 1 11 6 5 120 5 3 6 15 4 1 3 2 25 
3 3 3 9 6 5 120 5 8 6 4 8 3 3 2 21 
6 3 4 6 15 12 37 4 0 6 8 4 2 5 1 21 
5 6 7 9 10 5 24 4 1 6 10 8 3 5 3 11 
6 4 6 6 10 5 35 4 0 9 12 8 3 5 3 11 
2 6 2 13 12 12 98 4 0 6 8 4 2 3 2 21 
6 6 6 9 12 9 76 4 1 8 12 8 2 3 3 11 
3 4 2 9 10 13 112 5 0 3 4 4 3 3 2 21 
5 4 6 6 10 5 23 4 0 6 10 8 3 5 3 11 
5 4 7 6 10 5 20 4 1 6 10 10 3 5 3 5 
1 4 6 11 15 12 14 4 0 8 15 4 2 3 5 24 
6 6 2 11 12 9 112 4 1 6 2 4 3 3 2 21 
5 4 6 6 6 5 35 4 0 3 10 8 2 3 2 11 
6 4 2 9 3 13 112 5 0 6 4 4 2 1 2 16 
5 4 2 9 12 12 122 7 8 3 2 8 2 3 2 21 
5 6 6 9 10 5 23 4 1 8 10 8 2 5 3 5 
3 4 2 9 6 13 100 5 0 3 4 4 2 3 2 21 
3 3 6 4 6 5 91 4 1 3 12 4 2 3 2 11 
3 6 7 9 10 5 23 4 1 6 10 8 3 5 3 11 
3 4 4 6 15 5 35 4 1 6 12 8 3 5 3 11 
5 4 2 9 6 13 128 7 0 6 4 4 4 3 2 21 
5 3 6 4 10 5 83 4 1 3 8 4 2 5 2 11 
