3 6 7 11 6 5 67 2 0 3 4 8 2 5 2 16 
2 6 6 9 20 9 61 4 0 6 10 8 1 3 1 5 
3 4 6 9 15 9 23 4 1 6 10 8 3 5 3 5 
3 3 4 4 12 5 104 2 0 8 2 10 4 5 2 16 
3 4 4 6 15 5 61 5 0 6 13 1 3 9 2 11 
3 3 7 3 6 5 69 2 1 6 2 10 3 3 2 16 
3 4 6 6 12 9 68 2 0 6 4 8 2 5 1 11 
3 3 6 4 15 13 70 2 0 3 10 8 3 5 1 16 
3 4 6 6 12 9 91 2 0 1 4 4 2 5 1 3 
3 4 4 2 15 5 59 4 0 1 12 1 3 9 2 11 
3 6 7 12 6 12 14 4 1 1 10 7 3 5 2 16 
3 3 6 4 12 13 107 2 0 3 10 8 3 5 1 16 
2 3 6 4 10 12 92 2 0 6 10 8 3 3 2 16 
3 3 4 4 15 5 102 2 0 3 2 10 3 5 2 16 
3 4 4 9 14 9 67 2 1 6 4 4 2 3 1 16 
3 6 6 9 12 12 56 5 1 6 10 8 3 3 1 5 
3 4 6 9 10 3 113 4 0 3 8 4 4 3 1 11 
6 4 7 4 6 9 134 5 0 3 4 8 2 3 7 5 
2 4 3 11 3 5 52 5 0 3 8 4 2 9 1 16 
2 3 6 4 6 5 98 4 0 8 1 4 3 5 2 11 
3 4 4 9 3 5 15 4 1 8 10 10 3 3 2 11 
6 3 4 6 3 9 52 4 0 3 1 8 3 3 1 3 
5 3 4 4 10 9 52 4 0 8 2 10 3 3 1 1 
3 4 7 6 6 12 65 5 1 8 8 8 2 3 1 5 
3 3 6 4 12 9 93 2 0 6 2 10 3 5 2 16 
3 4 3 6 3 9 28 4 0 6 13 10 3 5 1 16 
5 3 4 9 3 9 52 4 0 8 4 12 3 3 1 5 
3 3 6 6 18 5 61 1 0 8 2 10 3 5 2 16 
5 6 6 9 6 9 83 4 0 9 10 8 3 3 3 11 
2 4 6 6 6 5 23 5 1 8 10 8 3 5 3 11 
6 3 4 6 3 9 52 4 1 3 1 10 3 3 1 5 
2 6 4 11 12 9 57 2 0 3 10 12 2 3 1 5 
3 3 7 3 3 5 67 2 0 8 8 8 3 5 1 16 
2 4 6 6 15 9 122 2 0 8 4 4 6 3 7 11 
3 6 4 13 3 9 28 7 0 9 2 4 2 3 1 22 
3 3 4 4 10 12 54 4 0 3 4 10 3 3 1 1 
3 4 6 6 3 9 14 7 0 3 4 4 2 3 1 21 
5 3 4 4 10 9 104 2 1 3 4 8 3 5 2 21 
6 4 7 6 10 12 44 2 0 3 4 8 3 5 2 11 
3 6 4 11 3 5 15 4 1 3 12 10 3 3 2 11 
5 6 6 11 6 5 23 4 1 6 10 8 3 5 3 16 
6 3 4 6 1 5 52 4 1 3 1 10 3 3 1 5 
5 4 2 9 6 12 128 5 0 6 4 4 2 3 2 21 
3 3 6 3 12 9 38 2 0 8 8 7 2 5 1 11 
5 6 4 11 3 5 14 4 1 8 13 10 2 3 2 16 
3 3 3 6 6 9 33 4 0 8 8 10 3 3 1 5 
3 6 7 9 3 9 104 4 1 6 8 10 2 3 1 3 
7 4 6 11 3 3 122 5 1 3 4 4 2 3 1 16 
2 4 6 9 6 9 98 7 0 3 4 7 2 3 1 16 
5 3 6 6 3 9 15 4 0 6 4 8 2 3 2 3 
3 4 1 9 12 12 85 5 0 9 12 7 3 3 2 21 
5 6 7 9 3 9 102 5 0 6 4 8 2 3 5 5 
2 2 7 4 12 13 65 5 1 6 4 8 1 3 2 5 
5 4 7 6 3 9 117 5 0 6 4 8 2 3 1 5 
3 8 6 12 6 9 39 5 0 3 4 8 3 3 1 5 
3 3 4 4 12 5 104 2 0 6 2 10 3 5 2 16 
2 4 7 6 3 5 92 4 0 8 4 8 2 3 1 11 
3 4 7 9 15 12 43 5 0 8 8 8 2 3 1 5 
3 3 7 4 10 5 87 2 0 9 2 10 3 5 2 16 
5 3 6 4 3 13 94 2 1 3 8 7 3 5 1 11 
3 4 6 6 10 9 24 4 0 6 10 8 3 5 3 11 
3 4 8 6 15 12 68 7 1 6 8 8 2 3 1 5 
3 4 6 6 6 9 59 4 0 8 12 8 3 3 1 11 
3 3 6 4 6 12 91 2 0 6 4 8 2 5 2 16 
5 6 6 9 6 9 104 4 0 9 4 8 2 3 1 5 
3 3 4 4 12 9 61 4 0 6 1 7 3 5 1 11 
3 3 4 3 18 12 32 2 0 6 1 7 3 5 1 16 
3 3 4 4 18 9 61 2 0 8 1 7 3 5 1 11 
5 4 7 9 19 9 130 5 1 6 4 8 2 3 1 5 
2 3 4 6 12 9 15 2 0 8 1 7 3 1 1 11 
3 3 6 6 3 9 41 2 0 1 4 7 4 5 7 5 
3 4 7 4 6 9 27 5 8 3 8 8 1 3 1 5 
3 4 7 6 9 5 52 2 0 3 2 4 2 3 1 16 
3 6 4 6 10 12 7 4 0 8 4 8 2 3 4 5 
3 4 7 4 10 13 61 5 1 6 10 8 2 3 1 5 
8 3 6 4 12 5 67 2 0 6 2 10 3 5 2 16 
3 3 6 4 18 9 92 2 0 6 2 10 3 9 2 16 
3 3 3 4 12 9 41 2 1 6 1 7 3 3 1 11 
2 3 7 4 6 9 43 2 8 3 8 8 3 3 1 11 
3 3 6 3 12 9 83 5 0 6 4 8 3 5 1 11 
3 6 4 6 10 12 9 4 0 6 4 8 2 3 4 5 
3 6 4 9 12 12 8 4 0 6 4 8 2 3 4 5 
2 4 7 6 10 9 15 4 1 1 8 10 3 3 2 5 
5 4 4 11 10 9 57 2 1 9 2 7 3 5 1 11 
3 3 6 6 17 3 39 2 0 10 4 4 1 3 1 16 
6 3 4 6 3 9 52 4 1 3 1 10 3 3 1 5 
3 6 3 11 18 3 35 4 0 1 10 12 1 5 2 11 
3 3 6 3 10 9 88 2 0 6 2 10 3 5 2 11 
3 4 3 6 12 9 10 4 0 3 2 8 3 3 4 5 
3 6 4 11 12 12 38 4 0 3 4 8 2 3 7 11 
2 3 7 4 10 9 91 2 1 3 12 8 3 1 1 11 
3 3 6 9 10 9 81 8 1 6 4 8 1 3 1 5 
5 4 7 9 15 5 20 2 1 8 10 8 2 5 3 11 
3 4 4 9 3 5 52 4 0 8 2 10 3 5 1 5 
3 3 4 4 15 5 104 2 0 6 2 10 3 5 2 16 
5 3 4 4 10 9 104 2 1 3 4 8 3 5 2 21 
6 3 4 6 3 9 52 4 1 3 1 10 3 3 1 5 
2 3 6 6 10 13 69 2 0 1 10 8 3 5 1 16 
3 3 6 4 6 9 39 2 3 6 4 8 4 3 1 11 
3 4 6 6 3 9 14 7 0 3 4 4 2 3 1 21 
3 4 6 6 12 12 67 5 0 8 8 8 2 3 2 5 
6 4 4 9 3 12 54 4 0 6 4 10 3 3 1 1 
2 3 7 4 12 12 43 2 8 3 8 8 3 3 1 11 
3 3 6 4 15 13 70 2 0 3 10 8 4 5 1 16 
2 6 6 9 6 9 104 5 1 6 4 8 2 3 1 5 
5 4 7 9 19 9 106 7 1 1 2 7 2 3 1 5 
3 6 7 9 15 13 65 5 0 9 4 8 2 3 1 5 
3 4 6 6 15 13 70 2 0 3 8 8 3 5 1 16 
3 3 7 4 6 5 106 5 0 3 4 8 2 3 1 5 
5 3 4 6 3 9 52 5 1 3 1 10 3 3 1 5 
3 3 6 4 12 12 87 2 0 3 10 8 3 1 1 16 
3 4 4 6 12 12 102 2 0 3 4 8 4 5 1 16 
3 6 3 6 12 9 9 4 0 8 4 8 3 3 4 5 
3 4 6 6 12 9 24 4 1 6 10 8 2 5 3 16 
3 3 3 4 12 5 87 2 0 3 4 10 3 3 2 16 
3 4 4 9 6 9 27 5 0 6 8 4 2 3 1 22 
3 4 6 9 10 13 68 5 1 6 4 8 2 3 1 3 
3 4 4 6 6 5 59 4 0 6 1 10 3 3 1 5 
3 3 4 4 10 5 67 2 0 6 2 10 3 3 2 16 
3 4 6 6 10 9 105 5 0 6 4 8 2 3 1 5 
7 3 4 4 12 5 24 2 0 6 2 7 3 5 1 11 
3 6 7 9 10 12 107 4 1 8 12 8 2 3 1 5 
3 3 7 4 10 5 81 4 0 3 10 18 2 5 2 11 
1 4 6 9 10 9 67 2 0 6 2 7 4 5 1 21 
6 3 3 4 6 5 100 1 0 8 10 10 3 5 2 11 
3 6 3 9 10 9 11 4 0 6 2 8 3 3 9 5 
3 3 6 4 15 5 59 2 1 6 2 10 3 5 2 16 
3 4 3 9 6 12 14 2 0 6 4 8 2 5 1 11 
2 3 6 9 18 3 38 2 0 3 2 7 3 5 1 11 
3 3 4 4 15 9 114 2 0 6 4 10 3 5 2 16 
3 3 6 4 15 13 43 2 0 3 10 8 3 5 1 16 
3 3 6 4 12 9 88 2 0 6 2 10 3 5 2 16 
5 6 6 9 3 9 104 4 0 3 4 8 2 3 1 5 
1 3 7 4 12 12 43 2 0 6 2 8 3 3 1 11 
2 3 7 4 13 13 42 2 0 3 8 7 3 3 1 5 
2 2 7 3 10 9 61 5 1 6 4 8 1 3 1 5 
5 3 4 3 10 9 37 2 0 3 4 7 3 3 2 11 
3 4 6 6 20 12 97 2 1 3 2 1 2 3 1 11 
2 3 3 4 6 9 54 4 1 3 2 10 3 3 1 5 
3 6 7 11 12 2 28 4 1 6 2 8 2 3 1 16 
3 4 6 9 6 9 65 5 1 3 4 8 2 3 1 5 
2 6 6 6 15 13 43 2 0 6 8 8 4 3 1 11 
3 4 7 6 6 9 70 5 0 3 10 12 1 3 1 5 
3 4 7 4 10 12 65 2 0 6 12 8 3 5 1 21 
3 3 6 4 15 5 43 1 8 9 4 10 3 5 2 16 
3 4 6 11 12 12 67 5 1 8 4 8 1 3 1 5 
3 4 6 6 8 9 106 5 1 8 10 8 3 3 1 5 
3 4 6 9 15 13 65 2 0 6 10 8 2 5 1 16 
2 8 6 9 12 13 43 2 0 6 12 8 4 3 1 11 
3 3 7 4 6 5 68 2 1 6 2 10 3 5 2 16 
2 2 7 4 12 12 41 5 1 6 4 8 1 3 1 5 
6 3 4 4 1 9 52 4 1 8 1 10 3 3 1 5 
3 4 6 6 12 12 67 2 0 6 8 8 2 3 1 11 
3 4 6 9 10 13 67 5 0 6 4 8 2 3 1 11 
3 6 6 12 6 9 112 4 1 9 8 8 2 3 1 5 
3 4 7 4 18 12 61 2 0 6 10 8 3 5 1 21 
6 6 6 9 6 3 115 5 5 3 8 10 2 3 3 16 
2 3 7 6 15 5 41 2 0 6 8 8 4 3 1 11 
3 4 6 6 18 12 65 5 1 6 4 8 1 3 1 5 
5 6 4 9 12 12 65 4 1 6 4 8 2 3 1 5 
3 4 6 9 10 9 67 5 0 6 4 8 2 3 1 5 
3 3 4 3 15 9 38 4 0 6 2 7 2 5 1 11 
5 4 4 6 15 3 81 5 0 3 12 4 2 3 1 11 
5 3 4 3 12 9 38 2 0 3 4 7 3 5 2 11 
5 4 6 6 6 9 115 5 1 6 8 8 2 3 1 5 
6 3 4 6 3 9 52 4 1 3 1 10 3 3 1 5 
5 3 3 6 3 9 61 2 0 6 16 10 2 5 1 11 
3 4 6 6 10 12 67 5 1 6 12 8 2 3 1 5 
3 4 6 9 20 9 67 5 0 3 4 8 2 3 1 5 
1 3 8 6 12 9 43 2 0 6 10 8 3 3 1 11 
5 4 7 6 12 9 68 2 1 8 4 10 2 5 1 11 
3 3 4 6 15 9 38 2 0 9 8 7 3 5 1 16 
3 3 4 4 20 5 68 2 0 6 2 10 3 5 3 16 
3 3 4 4 12 5 91 2 0 6 2 10 2 5 2 16 
3 3 4 3 12 5 52 4 0 3 2 10 3 3 1 5 
3 3 7 4 10 5 61 2 0 8 2 10 2 5 2 11 
3 4 2 11 6 9 52 4 0 6 2 10 4 3 1 5 
3 3 7 4 10 12 68 4 0 6 12 8 2 3 1 5 
3 3 6 4 12 9 88 2 0 6 2 10 3 5 2 16 
5 4 6 9 6 9 92 5 1 6 13 8 2 3 1 5 
3 3 3 4 15 9 39 2 0 6 4 8 2 5 1 11 
3 4 6 6 18 13 92 2 0 8 4 8 2 5 1 11 
3 6 6 9 3 9 39 5 1 3 8 8 4 3 1 5 
2 3 7 3 15 9 44 2 0 8 4 8 3 3 1 11 
5 3 3 4 15 9 44 2 0 3 1 7 3 3 1 11 
3 3 7 4 15 5 61 2 0 9 8 10 4 5 2 16 
3 4 4 6 3 5 15 4 0 3 12 10 3 5 2 16 
3 3 6 2 12 3 65 4 0 6 4 10 3 5 2 16 
3 4 7 9 6 12 114 5 1 6 4 8 2 3 1 5 
2 3 6 4 6 9 37 2 1 3 4 8 2 5 1 16 
3 6 3 9 10 9 10 4 0 6 2 8 3 3 4 5 
5 3 6 4 10 9 39 4 0 6 8 8 3 5 1 11 
2 3 6 6 12 9 88 2 8 3 8 8 4 3 1 16 
3 6 6 9 15 12 57 5 1 6 8 8 2 3 1 5 
1 3 7 9 6 9 54 4 0 3 10 8 3 5 1 16 
3 3 6 4 12 9 104 2 0 8 2 10 3 5 2 16 
2 3 7 3 12 9 43 2 0 6 4 8 3 3 7 11 
3 3 4 6 18 12 38 2 0 3 1 7 3 9 1 11 
5 3 6 4 18 5 61 2 0 6 2 10 3 5 2 16 
3 6 4 9 3 5 15 4 1 1 2 10 3 3 2 11 
1 3 8 6 12 9 44 2 0 8 10 8 3 3 1 11 
3 3 7 4 15 12 44 2 0 6 2 8 3 3 1 11 
2 4 7 6 15 12 44 2 0 3 10 8 1 3 1 11 
3 6 6 9 3 12 41 7 0 6 4 8 3 3 1 5 
3 3 6 4 12 9 88 4 0 8 2 10 3 3 2 16 
2 2 7 3 18 12 65 5 1 6 4 8 2 3 1 5 
3 3 6 4 18 5 120 2 0 6 4 10 3 5 2 16 
2 3 7 6 15 5 41 2 0 6 8 8 4 3 1 11 
5 4 7 9 6 9 104 5 0 9 4 10 2 3 1 5 
3 4 4 6 6 9 27 5 1 1 4 4 3 3 1 16 
6 6 6 9 6 3 106 5 5 3 8 10 1 3 3 11 
3 3 4 4 6 9 33 4 0 3 2 10 3 3 1 5 
2 3 6 6 6 12 43 2 0 3 2 8 3 3 1 11 
3 4 4 6 12 5 65 2 0 6 2 10 2 5 2 16 
3 3 7 4 18 5 61 2 0 9 2 10 3 5 2 16 
2 2 7 4 12 12 65 5 1 3 8 8 1 3 1 5 
3 3 7 3 6 5 65 2 1 6 2 10 3 3 2 16 
3 3 8 3 6 5 67 2 1 6 2 10 3 5 2 16 
5 4 7 4 10 12 41 2 0 3 4 8 2 3 1 11 
2 4 7 6 15 12 44 2 0 3 10 8 1 3 1 11 
3 4 6 9 12 12 91 5 1 3 4 8 2 3 1 5 
2 3 6 4 18 9 67 2 0 8 2 10 3 5 2 16 
3 3 7 6 15 3 43 4 0 6 4 8 2 5 1 11 
3 4 6 6 10 13 68 5 1 3 8 8 2 3 1 3 
1 3 8 6 12 9 44 2 0 6 10 8 3 3 1 11 
5 3 4 6 1 9 33 4 1 6 1 10 3 3 1 1 
3 6 6 9 12 12 67 5 0 6 12 8 2 3 1 5 
3 4 7 4 6 9 23 4 0 6 10 4 7 3 2 11 
3 3 6 4 6 12 44 2 0 3 4 8 3 5 1 22 
3 6 4 9 3 9 83 5 0 3 13 8 2 3 1 5 
3 4 4 6 6 12 26 8 1 6 8 4 2 3 1 21 
5 6 7 9 10 5 65 2 3 6 4 8 2 5 1 16 
3 4 7 9 15 12 61 5 1 8 8 8 3 3 1 5 
3 3 6 4 12 9 87 4 0 6 10 8 3 5 1 11 
2 3 3 4 15 9 37 2 1 6 8 8 2 5 1 16 
3 3 7 4 3 5 67 2 1 6 2 10 3 5 2 16 
3 3 6 4 3 9 52 4 1 3 1 10 4 3 1 5 
3 6 4 9 10 12 9 4 0 6 4 8 2 3 4 5 
2 3 7 4 10 12 92 2 0 6 10 8 3 5 2 23 
2 3 7 3 10 9 39 2 0 8 2 8 2 3 1 11 
5 4 7 6 10 5 65 2 1 8 4 8 2 5 2 16 
3 6 6 9 15 12 67 5 1 6 12 8 2 3 1 5 
3 6 4 6 12 12 9 4 0 6 4 8 2 3 4 5 
3 3 4 6 3 12 52 4 1 3 1 10 4 3 2 5 
5 6 6 9 3 9 52 4 1 3 1 10 3 3 1 5 
2 4 7 11 10 12 43 2 0 6 12 8 3 3 1 11 
2 3 4 4 12 12 45 2 0 3 4 8 3 3 1 11 
2 6 4 6 10 12 10 4 0 6 4 8 2 3 4 5 
5 3 4 3 6 12 25 5 0 3 4 4 2 3 1 22 
3 6 4 6 10 12 9 4 0 6 4 8 2 3 4 5 
3 3 3 9 3 9 33 4 1 6 4 12 3 3 1 5 
3 6 4 11 3 5 2 4 0 3 10 10 3 3 2 16 
3 4 4 9 12 9 37 2 1 3 1 7 2 5 1 11 
3 4 4 6 12 12 27 5 1 3 4 4 2 3 1 22 
5 4 3 6 3 5 87 2 0 6 8 4 3 5 7 21 
3 6 4 11 1 5 15 4 1 6 10 10 3 3 2 11 
5 3 6 3 3 9 52 4 0 6 2 10 3 3 1 5 
6 3 6 6 3 12 52 4 0 3 2 10 4 3 1 5 
3 6 4 11 3 9 15 4 1 6 13 10 3 3 2 11 
6 3 6 4 12 12 61 2 0 6 10 8 2 3 7 5 
2 3 7 4 10 12 41 2 0 6 12 8 3 3 1 11 
6 3 4 4 3 9 52 4 0 6 1 10 3 3 1 5 
2 3 7 4 6 13 44 2 8 8 8 8 3 3 1 11 
3 3 6 4 12 9 85 2 0 6 2 10 3 5 2 16 
3 3 4 9 20 13 39 2 0 6 1 7 3 9 1 11 
2 3 6 4 12 12 93 2 0 6 12 8 3 3 2 16 
5 3 4 4 1 9 33 4 0 8 8 10 2 3 1 5 
5 4 3 9 2 3 15 5 0 3 4 10 2 3 1 11 
1 3 3 4 3 5 54 4 0 3 10 4 2 9 1 16 
3 6 6 11 12 12 88 5 1 6 8 8 2 3 1 5 
1 3 7 6 12 9 29 2 0 6 10 8 3 3 1 11 
2 2 7 4 15 9 65 5 1 6 4 8 1 3 1 5 
2 3 7 4 10 3 41 2 0 6 10 8 2 3 1 11 
3 6 6 9 12 3 105 5 8 3 8 10 1 3 3 11 
2 4 4 9 10 9 67 2 0 3 4 8 2 3 1 16 
2 6 6 6 6 9 39 5 0 3 4 8 2 3 1 5 
3 3 6 4 12 9 104 2 0 6 2 10 3 5 2 16 
2 2 7 4 12 12 61 5 1 6 4 8 1 3 1 5 
7 2 4 6 3 9 33 4 1 6 1 10 3 3 1 5 
3 3 7 3 6 5 67 2 1 6 2 10 3 3 2 16 
2 3 6 6 20 13 88 4 0 3 8 8 3 3 1 16 
3 3 4 9 6 9 35 4 0 6 2 10 3 3 2 11 
3 3 6 2 1 5 65 4 0 6 4 10 3 5 2 11 
5 4 3 9 6 12 47 2 3 6 4 8 2 3 1 11 
5 6 7 9 12 5 65 2 1 8 8 8 2 5 1 16 
5 4 2 9 12 13 120 4 0 6 8 4 3 3 2 21 
6 3 4 4 12 9 81 4 0 3 2 12 3 3 1 1 
3 3 6 4 12 12 88 2 0 6 2 10 3 5 2 16 
3 4 8 9 6 9 23 5 0 1 13 4 3 3 2 11 
5 3 6 4 15 5 65 1 0 8 4 10 3 5 2 16 
3 4 3 4 15 12 14 2 0 3 2 10 3 5 1 11 
3 3 7 6 15 5 61 2 0 9 2 10 3 5 2 16 
3 3 4 4 12 5 113 2 0 6 2 10 3 5 2 16 
3 3 6 2 10 5 61 4 0 6 4 10 3 5 2 16 
3 4 6 6 10 12 67 5 1 6 12 8 2 3 1 5 
9 3 6 4 3 9 54 4 0 6 8 10 3 5 1 11 
6 3 4 4 10 9 33 4 0 1 1 10 2 3 1 5 
3 3 2 6 12 9 23 2 1 3 12 4 1 3 1 21 
5 3 4 9 12 12 54 4 0 6 2 10 3 3 1 1 
5 3 4 6 3 9 52 4 1 3 1 12 3 3 1 5 
3 4 4 6 12 5 113 2 0 6 2 10 3 5 2 16 
3 3 6 4 10 9 38 4 0 8 10 8 3 5 1 11 
3 3 6 4 12 5 67 2 0 6 4 10 2 5 2 16 
5 3 4 4 10 12 81 5 0 3 8 10 2 3 1 1 
3 6 4 11 6 9 27 5 0 3 2 4 2 3 1 21 
3 4 4 6 3 9 29 7 0 3 10 4 2 3 1 21 
3 4 3 6 10 9 45 2 0 6 4 8 2 3 1 11 
3 6 3 6 3 5 28 4 0 6 4 4 2 3 1 21 
2 3 6 4 12 5 41 2 0 6 8 8 3 3 1 11 
2 4 7 4 12 13 67 2 0 8 12 8 4 3 1 11 
3 6 6 11 3 5 15 4 1 6 12 10 3 3 2 11 
3 3 7 4 18 5 61 2 0 6 2 10 3 5 2 16 
3 6 6 9 15 12 92 5 1 6 8 8 2 3 1 5 
3 4 6 4 10 9 69 4 0 8 4 8 2 5 1 11 
6 4 7 11 6 9 106 5 1 6 2 8 2 3 1 5 
3 3 7 4 18 5 61 2 0 6 1 10 3 5 2 16 
5 4 7 6 3 9 117 7 0 6 4 8 2 3 1 5 
3 6 6 9 10 3 105 5 8 3 8 10 1 3 3 11 
3 6 6 11 15 12 90 5 1 6 4 8 2 3 1 5 
3 6 4 11 12 9 41 7 0 3 4 4 3 3 1 21 
5 4 7 6 10 9 104 5 1 6 2 8 2 3 1 5 
3 3 4 4 3 9 33 4 0 3 2 10 4 3 1 5 
5 3 4 3 1 9 52 4 1 8 8 10 3 3 1 5 
3 3 6 4 10 9 91 2 0 6 2 10 3 5 2 16 
6 4 4 6 6 9 39 5 0 6 4 8 3 3 1 5 
3 6 4 6 10 9 15 4 1 1 4 12 4 3 1 11 
3 4 7 6 12 9 41 2 0 6 10 8 3 3 1 11 
