5 4 3 6 6 5 67 5 0 1 12 1 3 9 2 11 
5 4 4 6 6 5 41 5 0 1 12 1 4 9 2 11 
5 4 7 9 3 5 61 4 0 8 10 8 2 5 2 5 
3 6 3 12 15 5 59 4 0 3 2 8 3 3 2 3 
3 3 3 4 3 5 59 2 1 3 12 10 3 5 1 11 
2 4 4 6 10 5 67 5 0 1 13 1 3 9 2 11 
3 6 3 9 10 9 104 2 0 6 2 4 3 3 7 21 
3 6 2 9 10 9 111 2 0 3 2 4 2 3 5 11 
3 6 4 12 10 12 23 4 0 6 10 4 3 3 2 16 
3 4 2 9 10 5 92 4 1 6 2 4 3 3 7 16 
3 4 3 6 10 9 150 4 0 8 10 10 2 9 1 16 
5 3 4 6 3 9 100 2 0 6 2 4 3 3 7 11 
5 3 4 6 3 9 100 2 0 6 2 4 3 3 7 11 
6 4 7 11 3 9 15 4 1 3 10 4 2 3 2 16 
3 4 7 11 10 9 3 4 0 1 12 4 3 3 2 16 
3 3 2 4 6 9 111 2 0 6 8 4 2 3 5 11 
3 4 6 11 6 9 52 5 0 1 16 1 2 9 2 11 
5 6 3 9 12 5 100 2 0 3 2 4 3 3 7 11 
5 3 3 4 3 5 61 1 8 6 13 10 3 5 2 11 
3 4 7 6 6 9 114 5 1 6 4 8 3 3 1 5 
5 4 3 6 10 9 100 4 0 3 2 4 3 3 7 11 
3 4 2 6 6 9 129 5 8 3 14 4 3 3 1 11 
3 4 3 9 19 9 102 2 8 6 2 4 3 3 7 11 
6 4 4 4 10 5 41 5 0 1 12 1 3 9 2 11 
5 4 3 6 10 9 142 2 0 8 4 10 2 9 1 11 
3 4 7 9 6 12 23 4 0 1 10 4 3 3 2 16 
3 6 7 13 3 5 35 4 0 1 10 4 4 3 2 16 
3 4 2 6 3 12 103 2 1 3 12 4 3 5 1 5 
3 4 3 6 10 9 100 2 0 3 2 4 2 3 7 5 
2 3 4 4 6 9 61 2 0 6 2 4 2 3 7 11 
2 3 6 4 12 9 83 4 0 6 4 4 3 3 7 5 
2 4 6 4 3 5 97 4 0 3 2 4 2 3 1 5 
3 4 7 11 3 12 23 4 0 1 10 4 3 3 2 16 
2 4 2 9 10 9 133 5 0 6 12 4 3 3 1 5 
5 3 7 4 10 5 81 2 1 8 10 8 3 5 3 11 
5 4 3 6 12 9 102 2 0 3 2 4 3 3 7 11 
3 4 3 6 10 5 100 2 0 3 2 8 3 3 7 11 
3 3 4 6 10 5 65 5 0 3 12 1 3 9 2 5 
3 3 3 4 3 5 57 1 0 6 12 10 3 5 1 11 
5 4 6 9 3 12 23 4 0 1 10 4 3 3 2 16 
3 6 3 6 6 9 98 2 0 3 2 4 2 3 7 11 
6 6 3 6 6 9 100 2 0 3 2 4 2 3 7 11 
3 3 3 4 1 5 57 1 0 6 13 10 4 3 1 11 
3 6 7 12 3 12 23 4 0 1 10 4 4 3 2 16 
3 4 6 9 12 12 35 5 0 1 10 4 3 3 2 16 
3 4 2 6 10 3 91 4 0 3 14 1 3 9 2 11 
3 3 3 4 10 9 65 1 0 6 4 10 3 3 1 11 
5 4 3 9 1 5 57 1 0 1 12 10 3 5 1 16 
3 3 3 4 6 9 59 4 1 8 4 4 3 5 1 5 
3 3 3 4 3 5 61 1 1 8 4 10 3 5 1 11 
5 3 4 4 1 5 65 1 0 6 12 10 2 5 1 11 
6 6 2 9 6 9 102 2 0 3 8 4 3 3 7 11 
3 3 3 3 1 5 57 1 0 6 10 10 3 5 1 11 
3 6 7 12 6 9 155 4 0 1 10 4 3 3 2 16 
3 3 4 4 19 5 39 1 0 8 13 10 3 5 1 11 
3 6 6 9 10 9 65 5 0 1 12 1 2 9 2 11 
2 4 4 6 12 5 106 2 0 6 8 4 2 3 7 21 
3 6 1 9 6 9 105 2 0 3 2 4 3 3 5 11 
7 6 7 12 3 12 23 4 1 1 10 4 4 3 2 21 
5 4 3 9 10 9 98 2 0 3 2 4 3 3 7 11 
3 4 2 9 10 9 85 2 3 3 4 4 2 3 5 11 
2 6 7 12 10 9 23 4 1 1 10 4 3 3 2 21 
3 4 3 6 10 9 100 2 0 6 2 4 2 3 7 5 
3 4 4 6 12 3 65 4 0 1 13 1 3 9 2 11 
3 6 3 9 15 9 150 2 0 3 4 10 2 9 1 16 
3 4 3 6 3 5 83 1 0 6 10 10 3 5 2 11 
3 3 3 4 3 9 39 1 0 8 10 8 3 5 1 11 
2 6 4 9 10 12 67 5 1 1 13 1 4 9 2 5 
9 6 3 9 6 13 81 2 0 6 8 4 3 3 1 11 
6 4 3 9 12 9 97 7 8 3 8 4 2 9 1 11 
5 3 6 6 10 9 111 4 0 6 4 7 2 3 1 22 
5 6 7 11 3 12 23 4 1 1 10 4 3 3 3 16 
5 4 7 6 6 9 104 4 1 8 4 8 2 3 1 5 
3 6 7 12 6 9 23 4 0 1 10 4 3 3 2 16 
5 3 3 4 1 5 61 1 1 6 13 10 3 5 1 11 
1 4 6 6 6 13 65 2 1 6 4 4 1 5 7 11 
3 3 4 4 19 5 39 1 0 8 14 10 3 5 1 11 
1 4 6 4 6 5 61 4 0 3 4 4 4 5 7 16 
5 4 3 6 12 13 112 4 0 3 8 4 7 5 1 5 
6 3 3 4 1 5 62 1 0 6 12 1 3 5 1 11 
3 4 4 6 6 9 52 2 0 3 10 4 2 3 7 5 
3 3 3 4 3 5 61 1 0 6 10 10 2 5 1 11 
1 3 6 4 6 9 65 2 0 8 4 4 2 5 7 5 
3 4 7 11 6 9 23 4 0 1 10 4 3 3 2 16 
5 3 3 4 3 5 88 1 0 6 10 10 3 3 2 11 
5 4 7 9 6 9 23 4 0 1 10 4 3 3 2 16 
3 4 7 9 6 9 24 4 1 3 10 4 4 3 2 16 
2 3 3 4 1 5 61 1 0 8 10 12 2 5 1 11 
5 4 6 6 12 5 41 5 0 1 12 1 3 9 2 11 
3 6 3 9 15 9 120 2 0 1 2 4 3 3 7 11 
3 2 3 3 3 5 88 1 1 8 10 12 3 5 1 11 
3 4 6 11 6 9 23 4 1 3 10 4 3 3 2 11 
5 4 3 6 10 9 100 2 0 6 4 4 4 3 7 11 
5 4 4 6 10 9 61 5 0 3 12 1 3 9 2 16 
3 4 3 11 3 5 61 1 0 8 4 10 4 5 2 11 
3 3 3 6 1 5 61 1 0 9 12 10 3 9 1 11 
3 4 4 6 10 5 41 7 0 1 12 1 2 9 2 11 
3 6 2 9 10 9 41 4 8 6 10 4 2 9 1 5 
3 6 3 6 6 9 59 4 0 6 4 4 4 5 1 5 
5 3 6 3 10 5 43 2 0 6 2 10 2 5 2 16 
5 4 6 6 12 9 88 2 0 6 2 4 3 3 7 11 
3 6 4 12 12 5 67 7 0 3 14 1 3 9 2 11 
5 6 3 9 12 9 100 2 0 3 2 4 3 3 7 11 
5 3 3 4 6 5 61 1 0 6 12 10 3 5 1 11 
3 3 4 6 10 5 65 5 0 3 12 1 3 9 2 5 
7 4 3 11 10 9 97 7 8 3 8 4 2 9 1 11 
3 6 3 9 12 9 87 2 8 3 2 4 3 3 7 11 
3 4 4 4 12 3 65 4 0 1 14 1 3 9 2 11 
3 4 3 6 10 9 111 2 0 3 2 4 2 3 7 11 
3 6 3 9 12 9 114 2 0 6 15 4 3 3 7 11 
3 6 3 9 12 9 112 2 8 3 4 4 3 3 7 11 
5 6 4 9 12 5 41 4 0 1 12 1 3 9 2 11 
3 6 6 12 6 5 87 5 0 3 15 4 3 3 1 11 
3 8 7 12 6 9 23 4 0 3 10 4 4 3 2 16 
2 4 3 6 6 12 87 2 0 3 2 4 3 3 7 11 
3 4 3 9 6 9 112 2 0 3 4 4 3 3 7 11 
3 4 4 9 18 12 112 4 0 6 8 4 3 3 1 5 
3 4 3 9 6 9 100 2 0 3 2 4 3 3 7 11 
6 4 4 9 10 9 111 4 0 3 2 4 3 3 7 11 
3 4 3 11 3 5 59 1 0 8 8 10 4 5 2 11 
9 6 3 9 6 13 81 2 0 6 8 4 3 3 1 11 
3 4 3 4 3 5 59 2 1 6 10 4 3 5 7 21 
2 4 4 6 3 13 88 2 0 6 2 4 2 3 7 11 
5 4 6 11 10 5 23 2 1 6 10 8 4 5 3 11 
3 4 6 11 6 9 32 4 1 1 10 4 7 3 2 16 
3 4 6 6 6 5 67 5 0 1 13 1 2 9 2 16 
3 3 6 9 6 9 111 4 0 6 4 7 2 3 1 22 
2 4 4 9 3 5 93 4 0 3 4 4 3 3 7 16 
3 3 4 4 3 5 65 2 0 6 12 10 3 5 7 11 
5 4 3 6 10 9 61 2 1 3 2 8 2 3 7 11 
5 3 2 6 19 9 39 1 1 6 12 10 3 5 1 11 
3 3 3 4 1 9 59 1 0 6 12 12 3 3 2 11 
3 4 7 9 10 12 23 4 0 3 10 4 4 3 2 16 
5 4 3 9 1 5 65 1 0 9 8 10 3 5 1 11 
3 6 4 6 10 5 54 5 0 3 12 1 3 5 2 11 
3 6 6 6 15 5 24 2 0 6 10 10 3 5 3 11 
3 4 3 9 6 12 85 5 1 3 10 4 3 3 1 5 
3 6 7 9 6 9 24 4 0 1 10 4 3 3 2 16 
3 6 7 9 6 9 23 4 0 1 12 4 2 3 2 16 
5 6 3 9 10 3 25 4 0 6 10 13 1 5 2 11 
2 4 6 11 10 9 39 2 0 8 4 4 3 3 1 11 
3 4 2 6 3 12 101 2 0 3 10 4 3 3 1 5 
3 6 3 9 15 9 120 2 1 1 2 4 2 3 7 11 
3 4 7 9 6 12 23 4 0 1 10 4 4 3 2 16 
5 4 2 6 12 9 38 5 1 3 4 4 2 5 1 5 
3 3 2 6 15 9 14 5 0 8 8 4 2 3 2 11 
3 4 3 6 3 9 91 4 1 6 4 4 2 3 1 3 
3 4 3 6 6 9 85 1 8 3 1 4 3 3 7 16 
3 4 7 11 6 12 23 4 0 1 10 4 4 3 2 16 
3 6 3 9 10 9 102 2 0 6 2 4 2 3 7 11 
1 3 6 3 6 9 61 2 0 6 10 4 2 3 7 11 
3 3 4 4 12 5 67 2 0 6 4 10 3 9 2 16 
6 6 4 11 10 5 65 7 0 3 16 1 3 9 2 11 
2 3 4 4 12 9 91 2 0 6 4 4 2 5 1 11 
5 4 6 9 3 9 20 4 1 1 10 4 4 3 2 16 
3 3 3 4 1 5 61 1 0 8 12 10 3 5 1 11 
3 4 3 11 6 5 87 2 0 3 4 4 3 3 7 11 
5 4 6 11 3 12 145 4 0 1 10 4 3 3 1 11 
3 6 3 9 15 9 104 2 0 3 4 4 4 3 7 11 
2 4 4 6 10 3 92 5 0 1 13 1 4 9 2 11 
5 4 7 12 3 12 23 4 0 1 10 7 3 3 2 16 
3 4 3 6 10 12 98 2 0 3 2 4 3 3 7 5 
3 6 7 9 12 12 65 7 1 3 4 8 1 3 1 5 
2 6 4 6 10 9 61 5 0 1 13 1 3 5 2 11 
2 4 6 4 3 5 97 4 0 3 2 4 2 3 1 5 
5 3 3 4 6 5 61 1 0 8 13 10 3 5 1 11 
1 3 6 4 3 9 27 4 0 6 2 4 2 5 7 11 
3 3 3 4 3 5 65 1 0 8 13 10 3 5 1 16 
2 4 6 11 6 5 83 4 0 6 2 4 2 3 1 11 
3 6 2 9 20 12 100 5 0 6 4 18 2 3 1 11 
3 6 4 11 10 9 24 4 1 1 10 4 3 3 2 16 
3 4 8 11 6 12 4 4 0 1 10 4 3 3 2 16 
3 4 7 11 3 12 23 4 1 3 10 4 4 3 2 16 
2 6 3 9 12 9 81 4 1 6 4 4 3 9 1 15 
1 3 4 4 6 12 85 2 0 6 8 4 2 3 7 11 
3 3 4 4 12 5 67 7 0 3 12 1 3 9 2 16 
5 4 6 9 3 9 54 4 1 3 10 4 4 3 2 16 
3 6 2 11 6 5 59 7 1 6 4 4 2 3 1 5 
3 6 2 11 3 9 43 4 1 13 4 4 2 5 1 11 
6 4 7 11 3 9 24 4 1 1 12 4 3 3 2 16 
3 3 3 4 19 5 87 1 0 8 10 10 3 5 1 16 
3 6 3 11 6 9 98 2 0 3 4 4 3 3 5 11 
3 6 4 11 10 5 57 5 0 3 10 4 1 5 7 21 
1 3 4 6 6 12 61 2 0 6 4 4 2 3 7 11 
3 4 6 6 10 9 23 4 0 3 10 4 4 3 2 16 
5 4 3 6 10 9 100 2 0 8 4 4 2 3 7 11 
3 4 3 6 6 9 114 2 0 3 2 4 3 3 7 11 
3 4 3 6 10 9 142 2 0 8 8 10 2 9 1 11 
3 4 3 6 3 9 97 2 0 3 4 4 2 3 7 11 
6 4 3 11 12 9 83 5 0 8 10 4 3 9 1 11 
5 3 3 6 6 9 120 2 0 6 2 4 3 3 7 11 
3 4 4 9 12 9 100 2 1 8 4 4 3 3 7 11 
3 4 3 6 10 5 81 5 1 6 4 4 3 3 1 11 
3 6 3 9 3 13 85 4 0 6 4 4 7 3 2 5 
2 6 6 9 12 5 105 2 0 6 4 4 2 3 7 16 
5 4 6 6 15 12 67 2 0 3 2 8 4 5 2 16 
3 4 4 11 10 5 91 7 0 3 14 1 3 9 2 11 
3 3 2 4 10 9 25 2 1 3 10 4 2 3 1 21 
5 4 4 6 12 5 67 5 0 1 12 1 3 9 2 11 
3 3 4 4 3 9 85 2 0 3 8 4 1 3 7 11 
3 8 3 11 12 12 87 2 0 8 2 4 7 3 7 11 
3 6 3 12 10 9 100 2 0 6 2 4 4 3 1 11 
1 3 4 4 6 12 85 2 0 8 4 4 2 3 7 11 
3 6 2 9 3 9 129 5 8 3 13 4 2 3 1 5 
5 3 3 4 3 5 83 1 0 8 10 10 3 5 2 11 
5 4 7 11 3 13 23 5 1 1 13 4 4 3 2 11 
3 3 4 4 19 5 65 1 0 8 4 10 3 5 1 5 
3 4 3 4 6 12 61 4 0 6 8 4 2 5 7 5 
5 3 3 4 6 5 85 1 0 6 10 10 2 5 2 11 
3 4 6 11 3 5 100 5 0 3 15 4 3 3 1 11 
3 6 7 11 6 9 35 4 0 1 10 4 3 3 2 16 
5 6 3 9 12 9 100 2 0 3 2 4 3 5 7 11 
3 3 4 4 1 5 67 1 0 6 8 10 3 3 1 11 
6 6 7 12 3 13 23 4 1 1 10 4 3 3 2 16 
3 4 2 6 6 9 133 5 8 3 10 4 2 3 1 5 
5 3 3 4 3 5 61 1 0 6 13 10 3 5 1 11 
3 4 7 11 3 12 24 4 1 1 10 4 3 3 2 16 
7 4 6 11 3 12 23 4 1 3 10 4 4 3 2 16 
3 3 3 6 12 9 38 5 1 3 4 4 2 9 1 16 
5 3 4 6 10 5 81 2 0 3 4 7 3 9 1 21 
3 4 6 11 12 9 57 4 1 3 4 4 3 3 7 16 
3 3 4 3 15 5 67 2 0 6 2 10 2 5 2 21 
3 4 4 6 12 5 61 5 0 1 16 1 4 9 2 11 
6 6 4 11 15 9 91 2 0 3 4 4 2 5 7 16 
3 4 7 11 10 9 24 5 1 1 10 4 3 3 2 16 
3 4 3 6 10 9 102 4 1 1 2 4 3 3 7 11 
3 6 7 11 3 9 23 4 0 1 12 4 3 3 2 16 
3 3 3 4 3 5 65 1 0 6 10 1 3 5 1 11 
5 3 3 6 3 5 87 1 0 8 4 10 3 5 1 11 
3 6 7 12 6 9 24 4 0 1 10 4 4 3 2 21 
3 3 3 4 1 5 61 1 0 8 12 10 3 5 1 11 
3 6 7 13 6 9 23 4 0 1 10 4 3 3 2 16 
3 6 7 11 3 9 23 4 0 1 10 4 4 3 2 11 
3 4 3 9 3 9 61 1 0 8 12 10 3 5 2 11 
5 4 4 6 10 5 104 5 0 1 12 1 3 9 2 11 
2 3 6 4 20 12 85 4 0 3 4 4 3 3 7 11 
5 4 8 9 12 5 57 2 0 6 4 4 2 3 7 5 
2 6 4 9 6 5 59 4 0 3 10 4 3 5 7 16 
3 6 7 11 3 9 23 4 0 1 12 4 3 3 2 16 
8 4 7 6 6 9 59 2 0 6 4 4 1 5 7 11 
3 4 3 6 12 9 112 2 0 1 2 4 2 3 7 16 
5 4 6 11 3 13 23 4 0 1 10 4 3 3 2 16 
3 3 3 4 6 9 59 8 0 6 4 4 3 9 1 21 
3 4 2 9 6 12 122 4 0 6 4 4 2 5 1 16 
3 4 3 6 12 9 85 4 0 3 4 4 2 5 1 11 
2 4 6 11 10 12 37 2 0 6 4 4 3 3 1 11 
3 4 8 9 3 12 14 4 0 1 12 4 4 3 2 16 
5 6 3 6 6 12 113 2 0 3 4 4 3 3 7 11 
9 4 3 6 12 9 102 2 0 3 2 4 2 3 7 11 
3 4 7 6 3 12 23 4 0 1 10 4 3 3 2 16 
3 4 3 6 6 9 88 2 0 3 2 4 4 3 7 11 
3 4 2 9 10 13 101 2 1 3 4 4 2 3 1 5 
3 3 3 4 1 9 61 1 0 6 12 10 3 3 1 11 
1 3 4 6 10 12 59 2 0 3 8 4 6 3 7 11 
3 6 7 11 6 12 23 4 1 1 10 4 3 3 2 16 
5 3 3 4 3 5 65 1 0 3 13 12 3 3 2 11 
3 6 4 9 6 5 65 4 0 3 4 4 3 5 7 21 
3 4 3 6 3 9 87 1 0 3 1 4 3 3 7 16 
2 6 4 9 12 9 105 2 0 8 12 4 2 3 7 16 
3 6 3 9 6 12 122 2 0 3 2 4 3 3 7 11 
6 4 3 9 3 9 65 1 0 6 12 12 2 3 2 11 
5 3 3 3 1 5 61 1 0 6 10 10 3 5 1 11 
3 6 2 9 3 12 101 2 0 3 12 4 2 5 1 5 
3 6 3 9 1 5 59 1 0 8 8 10 2 5 1 11 
3 6 8 12 6 12 23 4 0 13 10 4 4 3 2 16 
1 3 6 6 3 9 59 2 0 6 10 4 1 5 7 11 
5 3 3 4 1 5 61 1 0 8 13 10 3 5 1 11 
3 4 6 6 12 5 65 5 0 3 13 1 2 9 2 11 
3 4 4 9 12 5 87 5 0 8 12 1 3 9 2 11 
3 4 7 11 10 9 3 4 0 1 12 4 3 3 2 16 
3 4 3 9 12 9 142 2 0 6 2 10 2 9 1 11 
6 4 4 6 6 5 65 4 0 3 10 4 3 5 7 21 
6 3 6 3 10 9 38 4 1 12 4 4 2 3 1 3 
3 3 3 4 1 5 37 1 0 6 13 10 3 5 1 11 
5 4 3 6 10 9 122 2 0 3 2 4 3 3 7 16 
6 4 3 9 12 9 112 2 0 6 4 4 3 3 7 5 
1 4 6 6 10 9 61 4 0 3 2 4 2 5 7 11 
3 6 3 9 3 12 122 2 0 3 2 4 3 3 7 11 
3 4 2 9 6 9 113 2 0 3 2 4 2 3 5 11 
5 3 3 4 3 5 98 1 1 6 12 10 3 5 2 11 
3 6 3 12 3 9 83 2 1 3 12 4 3 3 1 11 
3 6 4 9 10 5 67 5 0 1 16 1 3 9 2 11 
5 4 3 12 12 9 100 2 1 3 2 4 3 3 7 11 
3 4 2 9 6 12 122 4 0 6 4 4 2 5 1 16 
3 6 3 6 6 13 85 4 0 9 4 4 2 5 1 11 
3 6 4 12 10 5 65 4 1 6 4 4 2 3 7 16 
1 3 6 6 10 9 85 2 8 3 4 4 2 3 7 11 
3 4 3 9 10 9 111 2 1 3 4 4 3 3 7 5 
3 4 2 6 1 12 103 2 0 3 10 4 3 3 1 1 
1 3 6 4 3 9 88 2 0 9 4 4 2 5 7 11 
3 6 3 9 10 12 100 2 0 3 4 4 3 3 7 11 
5 4 6 6 12 9 106 5 1 8 8 8 2 3 1 5 
3 4 6 9 6 5 87 5 0 3 15 4 3 3 1 11 
2 6 3 9 10 9 100 2 0 3 2 4 3 3 7 11 
3 4 4 9 6 9 27 5 1 1 4 4 4 3 1 16 
3 4 3 6 10 9 150 4 0 8 10 10 2 9 1 16 
3 3 4 4 6 5 41 4 0 6 10 4 2 5 7 5 
3 6 3 9 10 5 100 2 0 3 2 4 3 3 7 5 
3 4 3 6 10 9 112 2 0 3 2 7 3 3 7 11 
1 3 6 4 12 9 61 4 0 6 10 4 2 5 7 11 
5 4 8 9 10 12 23 4 1 1 12 4 4 3 2 16 
3 4 7 11 6 9 23 4 0 3 10 4 3 3 2 16 
3 4 3 6 6 9 113 2 0 3 4 4 3 5 7 11 
2 3 6 4 12 5 65 2 0 3 4 4 2 5 7 11 
3 3 3 3 1 5 57 1 0 6 10 10 3 5 1 11 
3 4 4 9 15 9 65 4 1 1 12 1 2 9 2 11 
3 3 2 4 6 9 111 2 0 3 8 4 2 3 5 11 
3 3 3 4 3 5 61 1 1 3 10 10 2 5 1 11 
3 6 3 9 15 9 120 2 0 1 2 4 3 3 7 11 
5 3 3 4 19 5 61 2 0 6 12 10 3 5 1 11 
3 4 8 12 10 12 35 4 1 1 10 4 2 3 2 16 
3 4 3 11 3 5 61 1 0 8 8 10 4 5 2 11 
6 6 4 6 6 5 91 5 0 1 14 1 3 9 2 11 
3 6 3 9 10 5 100 2 0 3 2 8 3 3 7 11 
3 4 3 6 10 9 100 2 0 3 2 4 2 3 7 5 
2 4 6 11 3 5 100 5 0 3 15 4 3 3 1 11 
5 4 7 9 6 9 23 4 1 1 10 4 3 3 2 16 
5 6 3 9 12 9 98 2 0 3 4 4 3 3 7 11 
3 4 4 6 3 5 83 5 0 3 4 4 2 5 7 21 
1 3 4 3 10 9 112 4 0 6 10 4 1 5 1 16 
5 6 3 9 12 12 100 2 0 3 4 4 3 3 7 11 
5 3 3 4 1 5 59 1 0 6 12 10 3 5 1 11 
3 3 3 4 6 12 97 2 0 3 10 4 3 3 7 11 
3 4 6 13 6 9 85 2 0 6 10 4 3 3 7 16 
3 6 7 12 10 9 23 4 0 1 10 4 3 3 2 16 
3 4 3 9 19 9 100 2 8 6 2 4 3 3 7 11 
5 3 3 4 3 9 38 1 0 8 13 10 3 5 2 11 
3 4 4 6 14 9 39 2 1 6 4 4 3 3 1 16 
3 4 6 6 12 9 83 4 0 3 4 4 3 3 7 16 
3 6 4 11 10 9 24 4 1 1 10 4 3 3 2 16 
3 7 3 11 12 9 112 2 0 6 2 4 2 3 7 11 
3 4 3 6 3 9 87 1 0 3 1 4 3 3 7 16 
3 6 4 9 12 3 65 4 0 1 13 1 3 9 2 11 
3 4 7 6 6 13 33 4 8 3 4 4 2 3 1 16 
5 4 4 9 3 3 24 4 1 8 10 8 3 5 3 11 
5 6 3 6 12 9 105 2 0 6 4 4 3 3 7 11 
5 4 6 11 6 5 88 5 0 3 15 4 3 3 1 5 
5 4 4 6 15 5 41 5 0 1 12 1 7 9 2 11 
3 4 7 9 6 9 24 4 1 1 10 4 4 3 2 16 
5 4 3 6 3 9 88 2 0 3 2 4 3 3 7 11 
5 6 6 11 3 13 24 4 1 1 10 4 3 3 2 21 
2 4 7 9 6 12 23 4 1 1 10 4 4 3 2 16 
1 3 6 6 6 12 65 2 0 8 4 4 1 5 7 11 
3 6 4 9 6 5 81 4 0 3 12 4 1 5 7 21 
2 6 6 9 6 5 98 2 0 3 2 4 2 3 1 5 
3 6 4 9 1 12 61 5 0 1 14 1 2 9 2 11 
5 4 3 6 10 9 120 2 0 6 2 4 2 3 7 11 
3 4 7 11 6 12 23 4 0 1 10 4 3 3 2 16 
5 3 6 9 12 9 112 4 0 9 4 7 2 3 2 22 
2 4 6 9 15 5 59 2 0 6 4 4 2 5 7 11 
3 4 7 11 6 12 25 4 0 1 13 4 4 5 2 16 
3 6 4 9 6 5 85 4 0 3 12 4 1 5 7 21 
3 4 4 6 12 9 67 5 0 1 12 1 2 9 2 11 
3 4 4 6 12 3 65 4 0 1 13 1 3 9 2 11 
7 3 4 4 10 9 52 5 0 6 14 1 3 9 2 5 
5 4 6 11 3 12 23 4 1 3 12 4 3 3 2 16 
3 6 6 9 10 5 88 5 0 1 12 1 3 5 2 16 
3 6 3 11 15 9 100 2 0 3 2 4 3 3 7 11 
3 6 4 11 3 5 92 4 0 3 4 4 2 3 7 16 
5 6 4 9 10 12 67 4 0 3 12 1 3 9 2 11 
5 4 3 9 1 5 61 1 0 6 12 12 3 5 2 11 
3 6 7 11 6 9 23 4 0 1 10 4 4 3 2 16 
5 4 3 9 10 9 100 4 1 3 2 4 3 3 7 11 
5 3 7 11 6 5 102 5 0 3 15 4 3 3 1 11 
6 3 4 9 15 9 112 7 0 3 8 4 3 9 1 11 
3 4 4 6 10 9 113 2 0 3 2 4 3 3 7 11 
3 6 7 9 6 9 23 4 0 3 10 4 4 3 2 16 
3 4 3 9 3 13 98 4 0 6 2 4 2 3 1 5 
3 4 6 6 6 13 24 4 0 6 4 4 2 3 2 5 
3 3 3 6 3 5 61 1 0 8 13 10 2 5 1 11 
3 6 4 9 6 9 88 2 0 3 2 4 4 3 7 16 
1 3 6 4 3 12 61 2 0 6 2 4 1 5 7 11 
5 4 7 6 3 9 104 5 1 6 4 8 2 3 1 5 
3 3 3 4 1 5 87 1 0 8 10 10 3 5 1 11 
5 4 7 6 6 9 104 4 0 8 4 8 2 3 1 5 
3 3 3 4 3 5 39 1 0 8 12 10 3 5 1 11 
3 4 3 6 12 9 100 2 0 8 2 4 3 3 7 16 
3 3 4 4 10 5 61 2 8 1 10 7 3 5 7 21 
3 3 6 4 10 5 61 4 1 12 4 4 2 3 1 3 
3 4 3 6 12 9 100 2 0 6 2 4 4 3 7 11 
5 3 3 4 1 5 61 1 0 6 10 10 3 5 1 11 
3 4 3 4 6 12 65 4 0 6 4 4 2 5 1 5 
5 4 7 11 3 12 23 4 0 1 10 4 3 3 2 16 
3 6 2 9 6 9 129 4 8 6 10 4 2 5 1 5 
5 3 3 4 1 5 61 1 1 6 13 10 3 5 1 11 
5 4 7 11 3 12 23 4 1 1 10 4 3 3 2 16 
3 4 3 6 12 9 114 2 1 6 2 4 3 3 7 11 
7 4 6 6 1 9 88 2 0 6 10 7 2 3 7 22 
1 3 4 4 10 9 87 4 1 3 2 4 2 5 7 11 
8 3 4 4 15 12 20 2 0 6 13 7 1 3 1 5 
3 6 6 11 6 9 23 2 0 1 10 4 3 3 2 16 
5 4 6 9 6 9 143 4 0 1 10 4 3 3 2 16 
3 4 6 4 10 9 24 2 1 6 12 10 3 5 3 16 
3 4 3 6 10 9 142 2 1 6 8 10 2 9 1 11 
3 6 6 12 6 9 23 4 0 3 10 4 4 3 7 16 
5 3 3 4 3 9 61 1 0 6 12 10 3 5 7 11 
5 4 7 9 6 9 23 4 0 1 10 4 3 3 2 16 
3 4 7 9 6 12 14 4 1 1 10 4 3 3 2 16 
3 6 7 12 6 9 20 4 0 1 10 4 3 3 2 16 
3 3 3 4 1 5 61 1 0 6 12 10 2 5 1 11 
6 4 3 9 10 9 100 2 0 3 4 7 2 3 7 5 
5 4 7 11 6 12 23 4 1 1 10 7 4 3 2 16 
2 6 4 9 12 5 104 2 0 6 10 4 2 3 7 21 
6 4 3 12 15 9 97 7 0 6 8 4 3 9 1 11 
2 4 6 11 3 5 100 5 0 3 15 4 3 3 1 11 
3 6 3 9 12 9 112 4 0 3 2 4 2 3 7 11 
2 4 6 6 6 13 91 2 0 3 2 4 2 3 7 11 
3 4 6 4 6 5 59 2 0 3 4 4 2 5 7 11 
3 6 4 12 12 5 67 7 0 3 14 1 3 9 2 11 
5 6 3 9 10 9 120 2 0 3 4 4 2 3 7 5 
3 6 3 9 6 13 114 2 0 6 2 4 3 3 7 11 
2 4 6 9 12 12 57 4 0 3 8 4 3 3 5 11 
3 4 3 4 3 5 59 2 0 6 8 4 3 5 7 21 
3 4 3 9 6 5 115 4 0 3 4 4 3 5 7 16 
3 3 3 4 19 5 87 1 0 8 10 10 3 5 1 11 
5 3 4 4 12 9 52 4 1 3 10 10 3 3 1 1 
3 2 6 6 6 5 85 4 1 3 4 7 2 9 1 16 
3 3 3 4 3 5 59 1 0 6 10 10 3 5 1 16 
5 6 8 9 6 12 23 4 0 3 10 4 3 3 2 16 
2 6 4 6 10 5 52 5 0 3 13 1 3 9 2 11 
3 4 3 6 3 5 59 1 0 8 12 10 3 5 1 11 
6 3 4 4 6 9 33 4 0 6 4 10 3 3 1 5 
3 6 4 12 6 5 67 7 0 6 14 1 3 9 2 11 
3 4 7 9 6 9 23 4 1 1 10 4 4 3 2 11 
5 6 3 9 12 5 91 4 0 8 12 1 3 9 2 11 
8 4 6 9 3 12 61 2 0 6 4 4 2 5 7 11 
6 4 3 11 10 9 112 2 0 8 2 4 4 3 7 11 
2 6 6 9 6 5 98 4 8 3 2 4 2 3 1 1 
3 6 7 12 6 9 14 4 0 1 10 4 3 3 2 16 
5 3 3 4 1 9 61 1 0 6 13 10 3 5 1 11 
3 4 4 6 6 3 67 2 1 1 13 1 2 9 2 11 
6 4 3 6 10 9 85 2 0 3 8 4 3 3 7 11 
3 3 3 4 1 5 65 1 0 6 10 10 3 5 1 11 
3 4 6 11 12 5 87 7 0 3 1 4 3 3 1 11 
5 6 2 9 12 5 100 5 0 8 2 4 2 3 1 11 
3 3 3 4 3 5 39 1 0 6 10 10 3 5 1 11 
3 6 4 11 6 5 69 4 0 3 10 4 2 3 7 16 
3 6 4 9 10 5 65 4 0 1 12 1 3 11 2 11 
3 3 4 4 6 5 61 1 0 9 8 10 2 5 1 11 
5 4 2 6 10 9 112 2 0 3 4 4 2 3 5 5 
3 6 3 9 6 9 113 2 0 3 2 4 4 3 7 16 
3 6 3 9 3 5 65 1 0 6 12 10 3 5 1 11 
3 4 4 11 10 5 88 5 0 3 15 4 4 3 1 11 
2 6 3 6 10 9 41 7 0 1 13 1 2 9 2 16 
5 4 4 6 12 12 81 2 0 3 2 4 3 3 7 11 
3 3 3 4 3 5 61 10 1 6 10 10 3 5 1 11 
3 3 6 9 6 9 59 4 0 3 8 10 2 5 2 11 
1 3 4 4 6 12 102 2 0 9 4 4 3 5 1 3 
3 4 7 9 3 9 23 4 3 1 10 4 3 3 2 16 
3 4 7 11 10 9 24 5 1 1 10 4 3 3 2 16 
3 6 4 9 10 9 87 4 0 3 12 4 2 3 7 16 
5 3 3 4 3 5 87 1 8 6 13 10 3 5 2 11 
5 4 3 6 1 5 57 1 1 1 12 10 3 5 1 11 
3 4 3 6 6 9 113 4 0 6 8 7 2 5 1 11 
6 3 3 4 3 5 87 1 0 8 4 10 4 5 1 11 
2 4 6 12 3 12 23 4 1 1 10 4 3 3 2 16 
2 3 7 9 10 9 83 2 0 8 2 4 2 5 7 11 
3 3 3 4 1 5 59 1 0 8 12 10 3 5 1 11 
5 4 3 9 6 12 123 2 0 3 4 4 3 3 7 11 
2 6 6 9 6 9 23 4 0 1 10 4 4 3 2 16 
1 3 4 6 10 12 59 2 0 3 8 4 6 5 7 11 
3 3 3 4 1 5 65 1 0 8 10 10 3 5 1 11 
3 4 2 6 6 9 102 2 1 3 1 4 2 3 5 11 
3 4 2 6 6 9 102 2 0 3 2 4 2 5 5 5 
3 6 2 9 12 9 39 4 0 3 8 4 1 5 1 11 
3 6 3 6 10 9 98 2 0 3 2 4 3 5 7 11 
5 3 6 6 12 9 98 4 0 6 8 7 2 3 1 22 
5 4 4 9 10 9 67 5 0 6 14 1 3 9 2 11 
3 4 7 6 3 12 23 4 0 1 10 4 3 3 2 16 
5 4 7 9 15 12 15 4 0 3 10 4 4 3 2 16 
5 3 3 4 1 5 61 1 0 9 12 12 2 5 1 11 
3 4 3 6 6 9 98 2 0 6 2 4 7 3 7 11 
3 6 3 11 3 5 98 4 0 6 2 4 2 3 1 5 
1 3 6 4 6 5 61 2 1 6 4 4 2 3 7 11 
3 4 3 6 12 12 111 2 1 8 2 4 3 3 7 11 
3 3 3 6 1 5 59 1 0 8 12 10 3 5 1 11 
5 6 7 11 10 9 23 4 0 1 10 4 4 3 2 16 
3 3 3 4 3 5 87 1 1 6 12 10 3 5 2 11 
3 6 6 6 6 5 88 5 0 1 12 1 2 9 2 11 
3 4 7 9 10 12 23 4 0 1 10 4 3 3 2 16 
3 3 3 4 19 5 49 1 0 8 10 10 3 5 1 11 
5 4 7 12 3 12 23 4 1 1 10 4 3 3 2 16 
5 6 7 11 3 9 23 4 0 1 10 4 4 3 2 16 
5 4 7 11 3 12 23 4 0 1 10 7 4 3 2 16 
6 4 3 9 6 9 100 2 0 3 8 4 3 3 7 11 
3 3 3 3 3 5 87 1 0 8 14 10 3 3 1 11 
5 4 3 6 10 9 85 4 0 9 8 4 2 5 1 11 
3 6 6 12 10 9 41 2 0 3 10 10 1 3 1 5 
5 6 4 9 10 5 61 4 0 6 12 1 3 9 2 11 
5 2 3 3 1 5 61 1 0 6 13 10 3 5 1 11 
5 3 4 4 3 9 39 4 0 3 4 4 2 5 7 21 
2 6 3 9 10 9 65 4 0 6 4 4 3 5 1 5 
3 4 7 12 6 12 35 4 0 1 10 7 4 3 2 16 
3 3 3 4 1 5 59 1 0 6 12 10 3 5 1 11 
5 4 7 11 6 5 23 4 1 1 10 4 3 3 2 16 
2 4 3 6 6 9 97 2 0 3 2 4 3 3 7 11 
3 3 4 4 12 5 67 7 0 3 12 1 3 9 2 16 
3 4 3 6 10 3 39 5 0 3 10 12 1 5 2 11 
6 8 4 11 12 9 65 5 0 8 12 1 1 9 2 5 
3 4 3 6 10 9 97 2 0 3 4 4 2 3 7 11 
5 4 3 6 15 9 38 4 0 3 4 4 2 5 1 11 
3 4 6 9 6 5 98 5 0 6 15 4 2 3 1 11 
5 3 2 4 3 5 61 1 0 6 10 10 3 5 1 11 
3 4 8 11 6 9 25 4 0 1 13 4 4 3 2 16 
3 6 7 12 3 9 23 4 0 1 12 4 4 3 2 16 
2 3 6 9 12 9 59 4 0 3 4 4 3 3 7 11 
2 4 4 6 10 9 54 4 0 3 12 7 2 3 7 21 
3 4 3 9 15 12 85 5 0 3 4 4 2 5 2 11 
3 6 7 12 10 9 23 4 0 1 13 4 4 3 2 16 
3 6 7 12 6 9 23 4 0 1 10 4 4 3 2 16 
6 6 4 11 12 5 32 7 0 3 14 4 3 10 2 11 
5 4 3 6 10 9 100 2 0 3 2 4 4 1 7 11 
3 3 3 4 1 5 67 1 0 8 12 10 3 5 1 5 
3 6 4 9 12 5 68 5 1 3 14 1 3 9 2 11 
3 4 6 9 20 5 87 2 0 8 2 4 3 3 2 16 
5 4 4 6 14 5 44 4 0 3 2 4 2 3 1 16 
3 6 2 11 6 9 129 4 8 6 10 4 2 5 1 5 
3 6 2 11 6 9 129 4 8 6 10 4 2 5 1 5 
5 4 3 6 12 9 98 2 0 3 2 4 3 3 7 11 
3 3 6 4 1 5 61 0 0 8 8 10 3 5 1 11 
3 6 3 9 12 9 100 2 0 3 4 4 3 3 7 11 
3 3 3 4 3 5 57 1 0 3 10 10 2 5 1 5 
6 4 3 6 10 5 112 2 0 6 1 4 2 3 7 5 
3 4 3 9 12 9 141 2 0 3 12 10 2 9 1 11 
3 4 2 6 10 9 85 2 0 6 4 4 2 3 5 11 
5 3 6 6 6 12 111 4 0 6 4 7 3 3 1 22 
5 4 6 11 6 5 88 5 0 3 15 4 3 3 1 11 
3 6 6 9 12 9 112 2 1 6 4 4 3 3 7 11 
3 6 6 9 12 9 112 2 1 6 4 4 3 3 7 11 
3 4 6 9 6 13 54 4 0 1 10 4 4 3 2 16 
5 4 3 6 12 12 98 2 0 6 1 4 3 3 7 16 
3 6 4 9 6 9 112 2 1 3 2 7 3 3 7 11 
3 4 7 9 10 9 4 4 0 1 10 4 3 3 2 16 
3 4 3 12 12 5 65 5 0 9 14 1 3 9 2 11 
5 6 3 11 12 9 102 2 0 6 4 4 3 3 7 11 
3 4 6 6 6 5 65 7 0 3 13 1 2 9 2 16 
5 4 3 6 10 9 100 2 0 6 8 4 3 3 7 11 
3 3 3 3 1 5 57 1 0 6 13 10 3 5 1 11 
3 4 6 11 18 9 37 2 0 6 4 4 3 3 1 11 
6 6 3 9 6 9 100 2 0 3 4 4 3 3 7 11 
5 6 6 12 6 9 35 4 1 1 10 4 4 3 2 16 
1 3 6 3 10 9 61 2 0 6 8 4 2 5 7 16 
3 4 3 6 6 9 81 2 0 3 2 4 3 3 7 11 
3 6 2 11 10 9 100 2 0 3 4 4 3 3 7 11 
3 4 4 9 17 5 39 2 0 1 4 4 2 3 1 11 
3 6 7 11 6 12 23 4 1 1 10 4 4 3 2 16 
5 4 3 6 6 5 150 2 0 3 10 12 2 9 1 11 
5 4 3 4 6 5 67 1 0 6 8 10 3 5 1 11 
3 4 4 9 17 5 39 2 0 1 4 4 2 3 1 11 
3 4 7 11 3 9 148 4 0 1 10 4 3 3 2 16 
5 3 6 4 12 9 85 5 0 3 8 8 1 3 1 5 
6 4 3 6 3 5 59 1 0 9 8 10 3 5 1 5 
