3 3 7 4 12 9 44 2 0 8 4 8 2 3 1 16 
3 6 6 12 6 9 88 5 0 3 2 8 1 3 2 5 
7 6 4 9 10 9 113 5 0 6 4 8 4 3 1 5 
5 6 6 12 6 9 38 4 0 3 13 10 1 3 1 5 
3 4 7 9 3 3 122 4 8 6 10 7 3 3 1 16 
5 4 4 6 3 5 57 4 0 6 1 10 3 3 1 5 
3 3 6 4 12 5 61 2 0 10 2 10 3 5 2 16 
2 3 8 4 18 13 69 2 0 8 8 8 2 3 1 11 
3 3 4 3 10 12 105 2 0 6 4 8 1 5 2 21 
3 3 6 3 12 9 65 2 0 6 4 10 3 5 2 16 
3 6 7 9 6 9 54 4 1 6 4 4 3 3 1 21 
5 6 7 9 6 9 91 5 1 6 4 8 2 3 1 5 
3 4 4 6 3 9 14 7 0 3 12 4 2 3 1 21 
3 6 4 11 10 9 102 4 0 3 4 8 2 5 1 5 
3 4 4 6 3 9 14 7 0 3 4 4 3 3 1 21 
3 4 6 6 12 9 59 5 0 3 2 8 2 3 1 5 
3 3 4 4 6 5 102 2 0 6 2 10 3 5 2 16 
3 3 4 3 15 5 65 1 8 6 4 10 3 5 3 16 
5 6 8 11 10 9 105 4 0 6 10 8 2 3 1 5 
3 4 6 6 12 12 65 5 0 6 4 8 1 3 1 5 
3 4 6 6 6 9 92 4 1 8 8 8 2 3 1 5 
3 4 6 6 6 5 107 7 1 6 4 8 2 3 7 5 
5 4 7 9 3 12 20 4 3 1 10 4 3 3 2 16 
3 3 4 3 20 13 92 4 0 9 10 8 2 5 1 22 
3 4 3 6 12 9 88 2 0 6 2 4 3 3 1 11 
6 4 7 6 6 9 106 5 1 9 8 8 2 3 1 3 
3 4 6 6 10 12 67 5 1 6 8 8 2 3 1 5 
3 6 6 9 6 2 85 5 0 8 10 4 3 5 1 11 
8 4 6 6 6 9 87 2 0 6 8 4 2 5 7 11 
3 4 7 6 6 9 65 4 0 6 10 8 2 3 1 5 
3 4 6 6 12 5 67 4 0 6 2 10 3 5 2 16 
3 4 6 6 12 9 67 5 1 6 13 8 2 3 1 5 
5 4 7 6 19 9 107 5 1 3 10 8 2 3 1 5 
3 3 4 3 12 13 68 4 0 6 10 8 3 5 1 21 
3 4 7 6 10 9 91 4 0 9 4 10 3 3 1 5 
5 4 7 9 12 12 65 5 1 6 8 8 2 3 1 5 
3 4 6 6 10 9 67 5 0 3 4 8 2 3 1 5 
3 4 6 11 10 9 23 4 1 1 10 4 4 3 2 16 
3 3 7 4 6 9 100 2 8 6 10 1 2 3 1 11 
3 3 2 4 12 9 26 2 0 3 12 4 2 3 1 16 
3 3 4 6 3 9 35 4 0 8 4 10 3 3 2 11 
5 4 4 6 6 5 54 4 0 6 1 10 2 3 1 5 
3 6 6 12 3 12 23 4 0 1 10 4 3 3 2 16 
3 4 7 4 3 9 105 5 1 3 4 8 2 3 1 11 
2 3 7 4 12 12 43 2 0 3 8 8 3 3 1 5 
3 3 7 3 10 5 61 2 0 8 4 10 3 5 2 21 
3 4 4 6 12 9 68 4 0 1 14 1 3 9 2 11 
6 4 7 4 3 9 106 5 0 8 8 8 2 3 1 5 
5 4 6 6 10 13 65 5 1 6 8 8 2 3 1 5 
3 6 6 11 10 5 85 5 0 6 15 4 2 3 1 11 
5 4 7 9 10 9 114 5 1 3 4 8 2 3 1 5 
3 6 7 9 3 9 97 5 1 6 8 8 3 3 1 5 
3 3 7 4 12 5 61 2 0 8 15 10 3 9 2 16 
3 3 6 4 12 5 61 2 0 8 3 10 3 5 2 16 
3 4 6 9 10 5 87 5 0 6 15 4 3 3 1 11 
3 3 6 4 12 9 85 7 0 3 10 8 1 3 1 5 
5 3 3 4 3 5 38 1 0 9 12 10 3 5 1 11 
3 4 7 4 6 5 104 5 1 3 8 8 3 3 1 5 
5 4 4 6 10 5 61 4 0 3 12 4 3 5 7 21 
5 6 6 9 10 5 23 4 0 6 10 8 3 5 3 11 
3 6 6 6 12 12 91 5 1 6 4 8 2 3 1 5 
3 4 7 9 10 12 65 5 0 8 8 8 2 3 1 5 
3 6 7 11 3 9 113 5 1 3 12 8 2 3 1 5 
1 1 6 2 6 12 38 2 0 6 2 4 2 3 7 11 
3 3 6 4 6 5 87 2 0 6 2 10 3 5 2 16 
2 2 4 4 10 13 38 2 0 6 1 7 2 5 1 11 
5 4 4 4 3 5 54 4 0 8 1 10 3 3 1 5 
3 4 7 9 15 5 87 2 0 8 2 10 3 5 2 16 
5 6 7 11 6 5 105 7 0 6 2 10 2 3 1 5 
3 4 6 4 10 9 65 5 1 6 8 8 4 3 1 5 
3 3 6 3 20 9 111 2 0 3 4 1 2 3 1 11 
3 4 6 6 6 9 102 5 1 3 4 8 2 3 1 5 
3 6 7 12 3 9 105 5 1 6 4 8 2 3 1 5 
5 4 7 4 3 9 105 4 1 3 4 8 2 3 1 11 
3 3 6 2 12 9 92 2 0 6 4 10 3 5 2 16 
3 3 4 4 15 9 83 4 0 3 4 12 2 5 1 1 
5 4 8 4 15 9 105 5 0 6 4 8 2 3 1 3 
5 3 6 4 10 5 41 2 0 6 2 10 3 3 2 16 
5 6 7 11 6 9 106 5 1 6 8 8 2 3 1 5 
3 3 7 4 15 5 61 2 0 8 2 10 2 5 2 16 
5 4 4 6 6 5 54 4 0 3 1 10 3 3 1 5 
3 3 6 4 15 5 61 2 0 6 2 10 3 5 2 16 
3 4 7 9 3 9 67 5 1 6 8 8 2 3 1 5 
3 2 7 4 10 12 65 5 1 3 2 8 2 5 1 5 
3 3 6 6 15 9 85 7 0 3 10 8 1 3 1 5 
3 4 8 6 3 9 107 5 1 6 4 8 2 3 1 5 
3 3 6 4 12 9 45 2 0 8 4 8 2 3 1 11 
3 3 6 4 12 5 65 4 0 8 2 10 3 5 2 16 
2 4 6 9 10 5 98 5 0 3 1 4 4 5 2 11 
5 6 7 12 6 9 24 4 0 1 10 4 3 3 2 16 
3 4 6 9 12 12 67 5 1 6 8 8 2 3 1 5 
5 3 6 4 3 9 65 2 0 8 2 10 3 5 2 16 
3 4 7 6 15 12 67 7 1 6 4 8 2 3 1 5 
3 4 6 9 12 12 67 5 1 8 4 8 2 3 1 5 
2 3 6 6 6 5 98 4 0 3 1 4 3 5 2 11 
3 3 4 3 12 13 93 4 0 6 8 8 2 5 1 22 
5 4 7 6 6 9 115 5 0 6 8 8 1 3 1 5 
3 3 7 4 15 5 61 2 0 8 2 10 2 5 2 16 
6 3 4 3 10 9 81 4 1 3 8 12 3 3 1 1 
3 4 4 6 1 5 52 5 0 3 2 10 3 5 1 5 
2 4 7 6 6 9 105 5 0 3 8 8 3 3 1 5 
3 4 4 6 6 5 54 4 0 3 1 10 3 3 1 5 
3 6 7 12 6 12 23 4 0 1 10 4 4 3 2 16 
3 4 6 9 10 13 67 4 1 6 4 8 2 3 1 3 
5 4 6 9 10 9 114 5 1 6 4 8 2 3 1 5 
2 3 7 4 6 9 85 4 0 6 8 4 2 5 1 21 
3 3 6 4 20 5 61 2 0 9 2 10 3 5 2 16 
5 3 7 3 10 12 105 5 0 3 4 8 2 3 1 5 
5 3 7 6 10 9 38 2 0 6 4 1 2 3 2 16 
3 6 7 9 6 9 67 4 0 3 10 8 2 3 1 5 
6 4 7 6 3 12 93 4 1 3 4 8 2 3 1 5 
6 6 8 9 6 9 105 5 0 6 4 8 2 3 1 5 
5 4 7 9 3 12 54 4 1 1 10 4 4 3 2 16 
3 4 3 6 10 9 104 2 0 3 2 4 3 3 7 11 
3 3 6 6 6 5 100 2 0 6 2 10 3 5 2 16 
3 3 6 4 6 5 2 5 0 3 8 10 4 3 1 21 
5 4 4 6 6 5 54 4 0 3 1 10 3 3 1 5 
5 6 6 6 10 9 123 5 1 9 4 8 1 3 1 5 
2 4 4 9 10 5 65 4 0 3 12 1 3 9 2 11 
8 6 9 9 6 9 104 5 1 6 10 8 2 3 1 5 
2 3 7 9 10 12 40 2 0 6 12 8 3 3 1 11 
3 4 7 6 6 9 104 5 0 9 8 8 3 3 1 5 
6 4 7 6 10 9 88 5 1 6 4 8 2 3 1 5 
3 4 7 6 10 9 104 5 1 3 13 8 2 3 2 5 
3 4 4 6 3 9 114 5 0 9 4 8 2 3 1 5 
5 4 7 4 1 9 105 5 1 3 4 10 2 3 1 11 
5 8 7 11 12 12 106 5 0 8 10 8 2 3 1 5 
5 4 4 11 12 9 27 5 0 3 13 1 4 9 3 11 
3 4 6 9 10 12 65 5 1 8 8 8 2 3 1 5 
3 4 4 11 6 5 80 4 0 3 4 4 3 5 7 16 
5 3 4 9 3 12 35 4 0 3 4 10 3 3 2 16 
5 4 7 4 10 9 105 5 1 6 4 8 3 3 1 5 
3 4 6 6 15 5 61 2 0 6 2 10 3 5 2 16 
3 3 4 4 12 9 100 2 0 3 10 8 3 5 1 21 
6 3 4 6 3 12 52 4 1 3 1 10 3 3 1 5 
3 6 4 13 3 5 15 4 1 8 13 10 2 3 2 11 
5 6 7 9 6 9 104 5 1 8 4 8 2 3 1 5 
3 4 6 4 10 9 67 5 1 6 8 8 4 3 2 5 
3 3 6 4 20 5 61 2 0 6 2 10 3 5 2 16 
3 4 4 4 10 9 44 5 0 8 10 10 2 3 1 5 
5 2 4 4 10 9 120 2 1 6 4 7 3 5 1 11 
5 3 2 4 12 9 25 2 0 6 10 4 2 3 1 21 
2 4 6 9 10 12 23 4 1 1 10 4 4 3 2 16 
3 3 6 3 15 5 65 1 8 8 4 10 3 5 2 16 
3 4 7 6 6 9 68 5 1 3 4 8 3 3 1 5 
3 4 7 6 6 9 67 4 0 6 8 8 2 3 1 5 
3 4 6 9 10 13 65 5 1 3 4 8 2 3 1 5 
5 4 8 9 6 9 52 4 1 8 8 4 3 3 1 21 
3 4 6 6 10 9 91 5 3 6 10 8 2 3 1 3 
5 4 7 6 3 12 102 5 0 9 4 8 2 3 1 5 
5 4 7 4 6 9 114 5 1 8 10 8 2 3 1 5 
6 4 7 6 12 9 83 5 0 3 8 8 2 3 1 5 
3 4 6 9 6 12 23 4 1 3 10 4 3 3 2 21 
3 6 7 11 12 12 106 7 1 8 8 8 2 3 1 5 
6 4 7 11 10 9 93 2 0 3 4 8 3 3 2 11 
3 3 4 6 12 3 43 2 1 3 2 10 2 5 2 11 
3 3 4 4 15 9 100 2 0 3 4 8 3 3 1 21 
5 4 7 4 6 12 102 7 0 6 4 8 2 3 1 11 
3 4 6 9 6 12 23 4 1 3 10 4 3 3 2 21 
3 3 3 6 15 5 67 4 0 6 2 10 3 5 2 16 
5 4 6 6 6 9 88 4 0 6 10 8 3 3 1 5 
2 6 6 9 6 9 66 5 0 8 8 8 1 3 1 5 
3 4 6 9 10 9 105 5 0 6 8 8 1 3 1 3 
3 3 6 4 18 5 61 2 0 6 2 10 3 3 2 16 
3 4 6 6 12 5 41 2 0 6 2 10 3 5 2 16 
3 4 6 9 10 13 45 5 1 6 8 8 2 3 1 3 
3 9 4 13 6 12 61 5 1 3 4 8 2 5 1 5 
3 8 7 12 3 9 105 5 1 6 4 8 3 3 1 5 
5 3 4 3 15 13 92 4 0 8 8 8 2 5 1 22 
3 4 6 6 10 9 65 5 1 8 4 8 2 3 1 5 
5 4 6 6 6 9 102 5 1 6 8 8 2 3 1 5 
2 3 6 12 6 5 98 4 0 6 1 4 3 5 2 11 
2 6 7 6 10 12 65 2 0 6 10 8 3 5 1 21 
2 6 6 9 6 9 65 5 1 6 4 8 1 3 1 5 
3 3 7 4 15 5 61 2 0 8 2 10 3 5 2 21 
3 6 7 6 10 13 65 2 0 6 10 8 3 5 1 21 
3 6 6 9 12 12 65 5 1 8 10 8 2 3 1 5 
3 3 4 9 15 9 41 5 0 3 2 8 3 3 1 16 
5 3 4 9 3 12 35 4 0 6 4 10 2 3 2 11 
5 6 4 11 10 5 59 4 0 1 4 8 2 3 7 11 
2 6 6 9 6 9 61 5 1 6 8 8 1 3 1 5 
3 3 4 4 12 5 104 2 0 6 2 10 3 5 2 16 
5 4 6 6 6 9 104 5 3 6 4 8 2 3 1 5 
6 3 6 4 3 9 54 4 0 3 1 12 3 3 1 5 
2 6 6 9 10 9 105 5 1 6 8 8 2 3 1 5 
5 4 7 6 3 12 20 4 3 1 10 4 3 3 2 16 
5 4 7 6 10 12 92 5 1 3 4 8 2 3 1 5 
3 4 6 9 6 9 104 7 0 3 4 8 2 3 1 5 
3 4 6 9 10 13 61 5 1 3 8 8 2 3 1 3 
3 4 6 9 12 12 59 5 0 6 4 8 2 3 1 5 
6 4 6 4 12 12 9 5 1 3 10 8 2 3 1 5 
1 3 7 4 10 9 88 2 0 3 8 8 2 5 2 16 
3 3 6 6 15 12 67 5 1 6 4 8 2 3 1 5 
3 3 4 4 12 12 102 2 0 3 4 8 3 5 1 21 
5 3 6 6 12 9 85 7 0 3 10 8 1 3 1 5 
5 3 7 4 6 9 104 5 0 6 4 8 2 3 1 5 
2 3 6 9 10 5 98 4 0 3 1 4 4 5 2 16 
3 3 6 4 12 12 45 2 0 8 8 8 2 1 1 16 
3 4 8 6 6 9 105 5 0 6 8 8 2 3 1 5 
3 3 4 3 6 9 115 2 0 8 4 8 2 5 2 16 
6 4 7 4 3 9 125 5 0 8 2 8 2 3 1 5 
3 4 7 6 10 9 106 5 1 6 8 8 2 3 1 5 
6 4 7 9 6 12 115 5 0 6 4 8 2 3 1 5 
2 3 7 4 10 12 43 2 0 3 2 8 3 3 1 11 
3 4 6 4 10 9 67 5 1 6 8 8 4 3 1 5 
3 4 7 11 12 13 29 2 0 3 4 8 3 5 1 11 
5 3 7 4 15 9 39 2 1 6 4 1 2 3 2 16 
3 4 7 4 10 12 65 2 0 6 10 8 3 5 1 11 
2 4 6 6 6 9 105 5 1 6 4 8 2 3 1 5 
3 3 4 6 3 9 27 5 1 1 4 4 3 3 1 16 
3 4 7 6 3 9 92 4 0 6 4 10 2 3 1 5 
3 3 6 4 12 5 61 2 0 9 2 10 2 5 2 16 
3 4 7 6 6 9 65 4 0 6 10 8 2 3 1 3 
3 3 6 2 10 5 65 5 0 6 4 10 3 5 2 16 
3 4 7 9 12 9 67 5 1 6 8 8 2 3 1 3 
3 4 7 6 10 13 69 5 1 6 8 8 2 3 1 3 
3 3 4 3 6 12 102 2 1 8 4 8 2 5 2 16 
3 3 4 4 12 9 128 2 0 6 4 8 3 5 1 21 
3 3 7 4 10 9 104 7 8 6 12 8 2 3 1 5 
2 4 6 6 6 9 62 5 1 6 8 8 1 3 1 5 
5 3 4 4 3 9 52 4 1 8 1 10 3 3 1 5 
6 3 4 4 10 12 81 4 0 3 10 10 3 3 1 1 
3 3 4 4 12 5 92 2 0 6 2 10 3 5 2 16 
2 6 6 11 12 12 115 2 0 3 8 8 4 5 1 21 
7 4 6 9 6 12 104 5 0 3 8 8 2 3 1 3 
3 3 6 4 12 5 61 2 1 6 2 10 4 5 2 16 
3 4 6 6 10 9 67 5 1 6 8 8 3 3 1 5 
3 3 6 4 12 9 85 7 0 3 10 8 1 3 1 5 
3 4 6 9 6 12 68 5 1 6 4 8 2 3 2 5 
5 4 3 4 12 12 14 2 0 6 8 8 3 5 1 11 
3 3 7 4 6 9 100 2 8 6 10 1 2 3 1 11 
3 4 6 6 10 12 65 5 1 3 8 8 2 3 1 5 
3 3 6 3 15 5 65 1 8 9 4 10 3 5 2 16 
2 6 6 9 6 9 65 5 1 6 4 8 1 3 1 5 
3 6 7 11 6 9 54 4 1 6 4 4 3 3 1 21 
3 4 4 9 3 9 111 7 0 9 4 8 2 3 1 5 
5 4 7 12 6 12 114 5 0 3 8 8 2 3 1 5 
3 4 8 11 12 9 23 4 0 1 10 4 3 3 2 21 
3 3 6 4 10 5 104 2 0 6 2 10 3 5 2 16 
6 3 4 6 3 9 52 4 1 6 2 10 3 3 1 25 
5 4 7 4 10 9 114 5 1 6 8 8 2 3 1 5 
3 4 7 9 6 9 67 4 1 9 8 8 2 3 1 5 
5 6 7 9 10 9 106 5 0 3 4 8 2 3 1 5 
3 4 3 6 10 9 91 2 0 6 2 4 3 3 1 11 
5 6 7 11 3 9 117 5 1 9 4 8 2 3 1 5 
