5 4 6 6 10 9 65 4 3 6 8 8 2 3 1 5 
3 4 6 6 10 5 23 4 1 6 10 8 3 5 3 11 
3 6 6 11 6 9 54 4 1 6 10 4 3 3 1 21 
3 6 6 11 6 12 68 5 1 6 10 8 2 3 1 5 
5 6 3 9 12 9 47 2 0 6 4 8 2 3 1 11 
3 4 6 6 12 9 32 2 0 6 2 8 4 5 1 11 
2 2 7 4 12 12 65 5 1 6 4 8 1 3 1 5 
3 4 6 6 12 9 69 2 0 8 4 8 2 5 1 11 
3 3 6 3 10 5 65 2 0 8 2 10 3 3 2 16 
2 2 7 4 12 12 65 5 1 6 8 8 1 3 1 5 
1 4 7 9 12 9 45 2 0 6 10 8 3 3 1 11 
3 3 6 4 10 5 67 2 0 3 2 10 3 3 2 16 
3 4 3 6 6 9 28 5 0 1 4 4 3 3 1 16 
3 4 7 4 12 9 123 5 0 6 10 10 2 3 1 5 
3 4 7 4 12 12 65 2 0 6 8 8 3 5 1 21 
3 6 4 11 3 5 15 4 1 6 12 10 3 3 2 11 
3 4 7 6 3 9 123 7 1 8 4 8 2 3 5 5 
3 3 4 3 10 9 65 2 0 3 2 10 4 5 2 11 
3 4 6 6 6 9 52 5 1 6 8 8 2 3 1 3 
6 6 6 9 6 3 115 5 5 3 8 10 1 3 3 11 
3 4 4 6 10 9 27 5 0 3 8 7 2 3 1 21 
3 3 6 4 12 9 67 4 0 8 2 10 3 3 2 16 
3 3 6 4 10 12 43 2 0 6 2 8 3 5 1 11 
3 4 7 6 6 9 105 5 1 6 10 8 2 3 1 5 
5 6 8 9 6 5 88 5 0 6 4 8 2 3 1 11 
3 3 6 4 10 5 52 4 0 8 2 8 3 9 1 5 
3 3 7 3 18 5 59 4 0 6 2 12 3 5 2 16 
5 3 4 3 12 9 38 2 0 6 4 7 3 5 2 16 
5 6 7 9 6 9 105 5 1 6 4 8 2 3 1 5 
3 3 4 4 6 5 88 2 1 6 2 10 3 5 2 16 
5 6 6 9 6 5 23 4 1 6 10 8 3 5 3 11 
1 3 7 9 12 9 15 2 0 6 10 8 3 3 1 11 
3 3 4 6 18 9 32 2 0 6 13 7 4 5 2 21 
5 6 4 11 3 5 14 5 1 3 12 10 2 3 2 16 
3 6 4 11 3 9 83 5 0 6 10 8 3 3 1 5 
5 3 4 4 12 9 20 2 0 3 2 10 3 3 1 11 
5 6 3 9 10 5 38 4 0 3 10 13 1 3 2 11 
3 4 4 6 6 3 33 4 0 6 8 12 3 3 1 11 
3 6 4 9 10 12 65 4 1 6 4 8 2 3 1 5 
2 2 7 4 15 12 65 5 1 6 4 8 1 3 1 5 
5 6 7 11 6 9 106 7 0 3 4 8 3 3 1 5 
5 6 7 9 3 9 102 5 0 3 4 8 2 3 1 5 
3 4 6 9 15 9 67 5 1 6 4 8 3 3 1 5 
5 3 3 9 3 9 52 4 1 6 1 10 4 3 1 5 
3 6 3 11 3 5 15 4 1 6 12 10 3 3 2 11 
3 6 7 11 12 13 68 5 1 3 10 8 2 3 1 5 
2 4 6 6 6 12 67 5 1 6 10 8 2 3 1 3 
2 2 7 2 10 13 67 2 0 3 10 8 4 3 1 11 
3 3 4 3 6 9 38 4 1 8 4 7 3 5 1 11 
6 3 4 6 3 9 54 5 1 6 1 10 4 3 1 1 
2 2 7 6 12 12 65 5 1 6 4 8 1 3 1 5 
3 3 4 4 6 9 41 2 0 3 4 8 3 5 2 16 
3 4 7 4 10 12 61 2 0 8 10 8 3 5 1 21 
3 3 6 6 1 12 105 4 0 3 8 7 1 5 1 16 
3 6 6 6 12 12 65 5 1 6 8 8 2 3 1 5 
3 4 6 6 12 12 25 5 0 6 4 4 3 3 1 21 
6 3 4 9 3 9 52 4 1 3 1 10 3 3 1 5 
3 3 7 3 18 5 59 4 0 6 2 12 3 5 2 16 
3 6 7 6 12 12 67 2 0 6 10 8 3 5 1 21 
3 4 4 6 6 5 52 4 0 6 4 10 3 5 1 5 
3 4 7 4 12 9 65 2 0 6 10 8 3 5 1 21 
2 3 7 4 10 9 44 2 8 3 8 8 3 3 1 11 
3 4 7 6 18 9 65 2 0 6 12 8 3 5 1 21 
2 4 6 6 6 12 67 5 0 6 8 8 2 3 1 3 
3 4 6 6 10 9 32 2 0 8 1 8 2 5 1 16 
3 6 6 9 6 9 88 5 1 3 2 8 1 3 2 5 
3 4 7 4 10 9 65 5 1 8 4 8 2 3 2 8 
3 4 6 9 18 9 32 2 0 6 1 8 3 3 1 11 
6 3 4 4 3 9 52 4 1 3 1 10 3 3 1 5 
3 3 4 4 10 5 91 2 0 3 2 10 3 3 2 16 
1 3 7 6 12 3 32 4 0 6 4 8 3 5 1 11 
3 6 6 9 6 9 88 5 1 3 2 8 1 3 2 5 
5 6 7 9 6 9 105 5 1 6 4 8 2 3 1 5 
2 2 7 6 10 9 65 5 0 8 4 8 1 3 1 5 
3 4 6 6 12 12 28 7 0 6 4 4 3 3 1 21 
5 6 7 11 6 9 54 4 1 3 8 4 3 3 2 21 
5 3 6 4 10 5 88 2 0 8 2 12 3 5 1 16 
1 3 7 4 12 9 44 2 0 6 8 8 3 3 1 11 
3 6 6 9 12 9 65 5 1 6 4 8 2 3 1 5 
3 4 6 9 6 9 65 5 0 8 4 8 2 3 1 5 
3 3 4 9 1 9 33 5 0 8 4 10 3 3 1 5 
5 6 7 9 3 9 104 5 0 3 4 8 2 3 1 5 
2 2 7 4 12 12 41 5 1 8 4 8 1 3 1 5 
3 4 7 4 6 9 105 5 0 6 4 8 2 3 1 5 
3 3 4 3 15 9 38 2 0 6 2 7 3 5 1 11 
3 4 6 6 12 9 69 2 0 6 4 8 2 5 1 11 
3 4 4 6 10 5 54 4 0 6 1 10 3 3 1 5 
3 4 4 11 15 13 61 5 1 6 8 8 2 3 1 5 
3 3 6 6 10 3 52 2 0 6 2 10 4 3 2 16 
2 2 6 4 12 12 65 5 1 3 4 8 1 3 1 5 
3 3 4 6 3 9 52 4 1 6 1 10 3 3 1 5 
5 4 7 9 6 9 67 4 1 8 4 8 2 3 1 5 
3 4 7 6 3 9 117 7 0 6 8 8 2 3 1 5 
3 3 4 4 10 5 65 2 0 3 2 10 3 3 2 16 
3 3 7 4 10 12 69 2 0 8 12 8 2 3 1 5 
3 4 4 6 3 5 54 4 0 6 4 10 3 5 1 5 
3 4 7 4 12 12 67 2 0 3 8 8 3 5 1 21 
3 4 7 6 3 9 111 7 0 6 4 8 2 3 1 5 
3 2 7 4 12 12 65 5 1 3 4 8 1 3 1 5 
2 3 7 4 12 9 57 2 0 8 2 10 3 5 2 16 
5 6 6 9 15 13 88 5 1 6 10 8 2 3 1 5 
3 3 4 4 12 9 39 2 1 8 1 7 3 5 1 11 
3 4 4 6 6 12 105 5 1 6 4 8 2 3 1 5 
